
Loading the model ...
  input file   : Mosquito4.pomdpx
InitialX is 31
  loading time : 0.58s 

SARSOP initializing...
best action for state 0 : 0
best action for state 1 : 2
best action for state 2 : 6
best action for state 3 : 5
best action for state 4 : 14
best action for state 5 : 10
best action for state 6 : 13
best action for state 7 : 12
best action for state 8 : 27
best action for state 9 : 2
best action for state 10 : 29
best action for state 11 : 5
best action for state 12 : 30
best action for state 13 : 10
best action for state 14 : 13
best action for state 15 : 12
best action for state 16 : 0
best action for state 17 : 2
best action for state 18 : 6
best action for state 19 : 5
best action for state 20 : 14
best action for state 21 : 10
best action for state 22 : 13
best action for state 23 : 12
best action for state 24 : 27
best action for state 25 : 19
best action for state 26 : 29
best action for state 27 : 21
best action for state 28 : 30
best action for state 29 : 24
best action for state 30 : 25
best action for state 31 : 12
best action for state 32 : 30
  initialization time : 3.17s
 3.17    0       0        43.4007    43.8783    0.477559    1221     1        

-------------------------------------------------------------------------------
 Time   |#Trial |#Backup |LBound    |UBound    |Precision  |#Alphas |#Beliefs  
-------------------------------------------------------------------------------
 3.47    0       50       43.4007    43.8625    0.46175     178      51       
 3.86    0       100      43.4007    43.8625    0.46175     191      101      
 4.43    0       150      43.4007    43.8625    0.46175     197      151      
 5.47    0       200      43.4007    43.8625    0.46175     181      201      
 7.06    0       250      43.4007    43.8625    0.46175     187      251      
 7.33    1       513      43.4007    43.824     0.423276    231      257      
 7.33    1       514      43.4007    43.824     0.423276    232      257      
 7.33    1       515      43.4007    43.824     0.423276    233      257      
 7.33    1       516      43.4007    43.824     0.423276    234      257      
 7.33    1       517      43.4007    43.824     0.423276    235      257      
 7.38    1       550      43.4007    43.824     0.423276    246      258      
 9.12    1       600      43.4007    43.824     0.423276    259      308      
 11.76   1       650      43.4007    43.824     0.423276    269      358      
 14.91   1       700      43.4007    43.824     0.423276    277      408      
 18.86   1       750      43.4007    43.824     0.423276    285      458      
 23.21   1       800      43.4007    43.824     0.423276    269      508      
 28      1       850      43.4007    43.824     0.423276    275      558      
 28.59   2       1199     43.4007    43.824     0.423276    390      563      
 28.59   2       1200     43.4007    43.824     0.423276    391      563      
 28.59   2       1201     43.4007    43.824     0.423276    392      563      
 28.59   2       1202     43.4007    43.824     0.423276    393      563      
 28.59   2       1203     43.4007    43.824     0.423276    394      563      
 28.59   2       1204     43.4007    43.824     0.423276    395      563      
 28.59   2       1205     43.4007    43.824     0.423276    396      563      
 28.83   2       1250     43.4007    43.824     0.423276    404      568      
 31.52   2       1300     43.4007    43.824     0.423276    415      598      
 34.23   2       1350     43.4007    43.824     0.423276    418      622      
 36.07   2       1400     43.4007    43.824     0.423276    416      638      
 42.09   2       1450     43.4007    43.824     0.423276    427      688      
 48.46   2       1500     43.4007    43.824     0.423276    425      738      
 54.53   2       1550     43.4007    43.824     0.423276    423      788      
 55.56   2       1600     43.4007    43.824     0.423276    473      838      
 55.63   2       1650     43.4007    43.824     0.423276    523      888      
 55.82   3       2111     43.4015    43.8227    0.421261    847      892      
 55.83   3       2112     43.4015    43.8227    0.421261    848      892      
 55.83   3       2113     43.4015    43.8227    0.421261    849      892      
 55.83   3       2114     43.4015    43.8227    0.421261    850      892      
 55.83   3       2115     43.4015    43.8227    0.421261    851      892      
 55.83   3       2116     43.4015    43.8227    0.421261    852      892      
 55.83   3       2117     43.4015    43.8227    0.421261    853      892      
 55.83   3       2118     43.4015    43.8227    0.421261    854      892      
 55.83   3       2119     43.4015    43.8227    0.421261    855      892      
 55.85   3       2150     43.4015    43.8227    0.421261    886      892      
 57.5    3       2200     43.4015    43.8227    0.421261    898      910      
 60.61   3       2250     43.4015    43.8227    0.421261    934      931      
 66.34   3       2300     43.4015    43.8227    0.421261    967      969      
 74.31   3       2350     43.4015    43.8227    0.421261    976      1019     
 83.15   3       2400     43.4015    43.8227    0.421261    969      1069     
 91.75   3       2450     43.4015    43.8227    0.421261    959      1119     
 94.96   3       2500     43.4015    43.8227    0.421261    1009     1169     
 95.04   3       2550     43.4015    43.8227    0.421261    1057     1219     
 95.45   4       3031     43.4028    43.8219    0.41907     1307     1239     
 95.46   4       3032     43.4028    43.8219    0.41907     1308     1239     
 95.46   4       3033     43.4028    43.8219    0.41907     1309     1239     
 95.46   4       3034     43.4028    43.8219    0.41907     1310     1239     
 95.46   4       3035     43.4028    43.8219    0.41907     1311     1239     
 95.46   4       3036     43.4028    43.8219    0.41907     1312     1239     
 95.46   4       3037     43.4028    43.8219    0.41907     1313     1239     
 95.46   4       3038     43.4028    43.8219    0.41907     1314     1239     
 95.46   4       3039     43.4028    43.8219    0.41907     1315     1239     
 95.47   4       3050     43.4028    43.8219    0.41907     1326     1239     
 95.52   4       3100     43.4028    43.8219    0.41907     1376     1239     
 95.57   4       3150     43.4028    43.8219    0.41907     1382     1239     
 98.49   4       3200     43.4028    43.8219    0.41907     1428     1255     
 98.55   4       3250     43.4028    43.8219    0.41907     1478     1255     
 101.47  4       3300     43.4028    43.8219    0.41907     1495     1270     
 111.13  4       3350     43.4028    43.8219    0.41907     1506     1320     
 117.47  4       3400     43.4028    43.8219    0.41907     1513     1370     
 117.67  4       3450     43.4028    43.8219    0.41907     1563     1420     
 117.79  4       3500     43.4028    43.8219    0.41907     1612     1470     
 117.95  4       3550     43.4028    43.8219    0.41907     1662     1520     
 118.1   4       3600     43.4028    43.8219    0.41907     1711     1570     
 118.23  4       3650     43.4028    43.8219    0.41907     1761     1620     
 118.34  4       3700     43.4028    43.8219    0.41907     1810     1670     
 118.48  4       3750     43.4028    43.8219    0.41907     1860     1720     
 118.61  4       3800     43.4028    43.8219    0.41907     1906     1770     
 119.43  5       4609     43.4041    43.8213    0.417169    2514     1789     
 119.43  5       4610     43.4041    43.8213    0.417169    2515     1789     
 119.43  5       4611     43.4041    43.8213    0.417169    2516     1789     
 119.43  5       4612     43.4041    43.8213    0.417169    2517     1789     
 119.44  5       4613     43.4041    43.8213    0.417169    2518     1789     
 119.44  5       4614     43.4041    43.8213    0.417169    2519     1789     
 119.44  5       4615     43.4041    43.8213    0.417169    2520     1789     
 119.44  5       4616     43.4041    43.8213    0.417169    2521     1789     
 119.44  5       4617     43.4041    43.8213    0.417169    2522     1789     
 119.44  5       4618     43.4041    43.8213    0.417169    2523     1789     
 119.44  5       4619     43.4041    43.8213    0.417169    2524     1789     
 119.44  5       4620     43.4041    43.8213    0.417169    2525     1789     
 119.45  5       4621     43.4041    43.8213    0.417169    2526     1789     
 119.45  5       4622     43.4041    43.8213    0.417169    2527     1789     
 119.45  5       4623     43.4041    43.8213    0.417169    2528     1789     
 119.45  5       4624     43.4041    43.8213    0.417169    2529     1789     
 119.49  5       4650     43.4041    43.8213    0.417169    2555     1789     
 119.58  5       4700     43.4041    43.8213    0.417169    2605     1789     
 119.69  5       4750     43.4041    43.8213    0.417169    2578     1789     
 119.79  5       4800     43.4041    43.8213    0.417169    2628     1789     
 119.88  5       4850     43.4041    43.8213    0.417169    2621     1789     
 119.99  5       4900     43.4041    43.8213    0.417169    2671     1789     
 120.1   5       4950     43.4041    43.8213    0.417169    2681     1789     
 128.3   5       5000     43.4041    43.8213    0.417169    2684     1836     
 129.27  5       5050     43.4041    43.8213    0.417169    2734     1886     
 129.4   5       5100     43.4041    43.8213    0.417169    2774     1936     
 129.56  5       5150     43.4041    43.8213    0.417169    2824     1986     
 129.73  5       5200     43.4041    43.8213    0.417169    2871     2036     
 129.88  5       5250     43.4041    43.8213    0.417169    2911     2086     
 130.12  5       5300     43.4041    43.8213    0.417169    2961     2136     
 131.29  6       6071     43.4044    43.8205    0.416056    3414     2175     
 131.29  6       6072     43.4044    43.8205    0.416056    3415     2175     
 131.29  6       6073     43.4044    43.8205    0.416056    3416     2175     
 131.29  6       6074     43.4044    43.8205    0.416056    3417     2175     
 131.29  6       6075     43.4044    43.8205    0.416056    3418     2175     
 131.29  6       6076     43.4044    43.8205    0.416056    3419     2175     
 131.3   6       6077     43.4044    43.8205    0.416056    3420     2175     
 131.3   6       6078     43.4044    43.8205    0.416056    3421     2175     
 131.3   6       6079     43.4044    43.8205    0.416056    3422     2175     
 131.3   6       6080     43.4044    43.8205    0.416056    3423     2175     
 131.3   6       6081     43.4044    43.8205    0.416056    3424     2175     
 131.31  6       6082     43.4044    43.8205    0.416056    3425     2175     
 131.31  6       6083     43.4044    43.8205    0.416056    3426     2175     
 131.31  6       6084     43.4044    43.8205    0.416056    3427     2175     
 131.31  6       6085     43.4044    43.8205    0.416056    3428     2175     
 131.34  6       6100     43.4044    43.8205    0.416056    3443     2175     
 131.43  6       6150     43.4044    43.8205    0.416056    3493     2175     
 132     6       6200     43.4044    43.8205    0.416056    3543     2177     
 132.15  6       6250     43.4044    43.8205    0.416056    3520     2177     
 137.42  6       6300     43.4044    43.8205    0.416056    3570     2204     
 146.9   6       6350     43.4044    43.8205    0.416056    3620     2250     
 157.33  6       6400     43.4044    43.8205    0.416056    3568     2300     
 166.86  6       6450     43.4044    43.8205    0.416056    3618     2350     
 167.54  6       6500     43.4044    43.8205    0.416056    3668     2400     
 167.69  6       6550     43.4044    43.8205    0.416056    3718     2450     
 167.88  6       6600     43.4044    43.8205    0.416056    3715     2500     
 168.05  6       6650     43.4044    43.8205    0.416056    3746     2550     
 168.29  6       6700     43.4044    43.8205    0.416056    3796     2600     
 168.44  6       6750     43.4044    43.8205    0.416056    3846     2650     
 168.7   6       6800     43.4044    43.8205    0.416056    3866     2700     
 168.9   6       6850     43.4044    43.8205    0.416056    3893     2750     
 169.78  6       6900     43.4044    43.8205    0.416056    3943     2800     
 171.38  7       7761     43.4274    43.8118    0.384329    4193     2815     
 171.39  7       7762     43.4274    43.8118    0.384329    4194     2815     
 171.39  7       7763     43.4274    43.8118    0.384329    4195     2815     
 171.39  7       7764     43.4274    43.8118    0.384329    4196     2815     
 171.39  7       7765     43.4274    43.8118    0.384329    4197     2815     
 171.4   7       7766     43.4274    43.8118    0.384329    4198     2815     
 171.4   7       7767     43.4274    43.8118    0.384329    4199     2815     
 171.4   7       7768     43.4274    43.8118    0.384329    4200     2815     
 171.4   7       7769     43.4274    43.8118    0.384329    4201     2815     
 171.4   7       7770     43.4274    43.8118    0.384329    4202     2815     
 171.41  7       7771     43.4274    43.8118    0.384329    4203     2815     
 171.41  7       7772     43.4274    43.8118    0.384329    4204     2815     
 171.41  7       7773     43.4274    43.8118    0.384329    4205     2815     
 171.41  7       7774     43.4274    43.8118    0.384329    4206     2815     
 171.41  7       7775     43.4274    43.8118    0.384329    4207     2815     
 171.42  7       7776     43.4274    43.8118    0.384329    4208     2815     
 171.42  7       7777     43.4274    43.8118    0.384329    4209     2815     
 171.47  7       7800     43.4274    43.8118    0.384329    4232     2815     
 173.25  7       7850     43.4274    43.8118    0.384329    4282     2823     
 174.3   7       7900     43.4274    43.8118    0.384329    4332     2827     
 174.45  7       7950     43.4274    43.8118    0.384329    4331     2827     
 174.6   7       8000     43.4274    43.8118    0.384329    4381     2827     
 174.73  7       8050     43.4274    43.8118    0.384329    4431     2827     
 174.88  7       8100     43.4274    43.8118    0.384329    4481     2827     
 177.96  7       8150     43.4274    43.8118    0.384329    4528     2874     
 178.13  7       8200     43.4274    43.8118    0.384329    4578     2924     
 178.39  7       8250     43.4274    43.8118    0.384329    4628     2974     
 178.67  7       8300     43.4274    43.8118    0.384329    4626     3024     
 178.92  7       8350     43.4274    43.8118    0.384329    4629     3074     
 179.18  7       8400     43.4274    43.8118    0.384329    4673     3124     
 180.89  8       9125     43.4278    43.8077    0.379949    4916     3166     
 180.89  8       9126     43.4278    43.8077    0.379949    4917     3166     
 180.89  8       9127     43.4278    43.8077    0.379949    4918     3166     
 180.9   8       9128     43.4278    43.8077    0.379949    4919     3166     
 180.9   8       9129     43.4278    43.8077    0.379949    4920     3166     
 180.9   8       9130     43.4278    43.8077    0.379949    4921     3166     
 180.9   8       9131     43.4278    43.8077    0.379949    4922     3166     
 180.91  8       9132     43.4278    43.8077    0.379949    4923     3166     
 180.91  8       9133     43.4278    43.8077    0.379949    4924     3166     
 180.91  8       9134     43.4278    43.8077    0.379949    4925     3166     
 180.91  8       9135     43.4278    43.8077    0.379949    4926     3166     
 180.92  8       9136     43.4278    43.8077    0.379949    4927     3166     
 180.92  8       9137     43.4278    43.8077    0.379949    4928     3166     
 180.92  8       9138     43.4278    43.8077    0.379949    4929     3166     
 180.95  8       9150     43.4278    43.8077    0.379949    4941     3166     
 182.8   8       9200     43.4278    43.8077    0.379949    4991     3192     
 182.93  8       9250     43.4278    43.8077    0.379949    5041     3192     
 183.07  8       9300     43.4278    43.8077    0.379949    5091     3192     
 183.26  8       9350     43.4278    43.8077    0.379949    4998     3192     
 183.42  8       9400     43.4278    43.8077    0.379949    5048     3192     
 183.6   8       9450     43.4278    43.8077    0.379949    5098     3192     
 190.76  8       9500     43.4278    43.8077    0.379949    5148     3223     
 198.66  8       9550     43.4278    43.8077    0.379949    5195     3273     
 199.05  8       9600     43.4278    43.8077    0.379949    5245     3323     
 199.28  8       9650     43.4278    43.8077    0.379949    5295     3373     
 199.57  8       9700     43.4278    43.8077    0.379949    5345     3423     
 199.86  8       9750     43.4278    43.8077    0.379949    5395     3473     
 200.18  8       9800     43.4278    43.8077    0.379949    5348     3523     
 202.05  9       10521    43.4279    43.8077    0.379841    5518     3545     
 202.06  9       10522    43.4279    43.8077    0.379841    5519     3545     
 202.06  9       10523    43.4279    43.8077    0.379841    5520     3545     
 202.06  9       10524    43.4279    43.8077    0.379841    5521     3545     
 202.07  9       10525    43.4279    43.8077    0.379841    5522     3545     
 202.07  9       10526    43.4279    43.8077    0.379841    5523     3545     
 202.07  9       10527    43.4279    43.8077    0.379841    5524     3545     
 202.08  9       10528    43.4279    43.8077    0.379841    5525     3545     
 202.08  9       10529    43.4279    43.8077    0.379841    5526     3545     
 202.08  9       10530    43.4279    43.8077    0.379841    5527     3545     
 202.08  9       10531    43.4279    43.8077    0.379841    5528     3545     
 202.09  9       10532    43.4279    43.8077    0.379841    5529     3545     
 202.09  9       10533    43.4279    43.8077    0.379841    5530     3545     
 202.09  9       10534    43.4279    43.8077    0.379841    5531     3545     
 202.14  9       10550    43.4279    43.8077    0.379841    5547     3545     
 202.3   9       10600    43.4279    43.8077    0.379841    5597     3545     
 202.44  9       10650    43.4279    43.8077    0.379841    5647     3545     
 202.62  9       10700    43.4279    43.8077    0.379841    5697     3545     
 202.81  9       10750    43.4279    43.8077    0.379841    5695     3545     
 203.01  9       10800    43.4279    43.8077    0.379841    5697     3545     
 203.19  9       10850    43.4279    43.8077    0.379841    5747     3545     
 203.36  9       10900    43.4279    43.8077    0.379841    5797     3545     
 209.17  9       10950    43.4279    43.8077    0.379841    5847     3574     
 214.07  10      11437    43.4279    43.8077    0.379841    5817     3601     
 214.07  10      11438    43.4279    43.8077    0.379841    5818     3601     
 214.08  10      11439    43.4279    43.8077    0.379841    5819     3601     
 214.08  10      11440    43.4279    43.8077    0.379841    5820     3601     
 214.08  10      11441    43.4279    43.8077    0.379841    5821     3601     
 214.09  10      11442    43.4279    43.8077    0.379841    5822     3601     
 214.09  10      11443    43.4279    43.8077    0.379841    5823     3601     
 214.09  10      11444    43.4279    43.8077    0.379841    5824     3601     
 214.1   10      11445    43.4279    43.8077    0.379841    5825     3601     
 214.11  10      11450    43.4279    43.8077    0.379841    5830     3601     
 214.26  10      11500    43.4279    43.8077    0.379841    5880     3601     
 216.81  10      11550    43.4279    43.8077    0.379841    5930     3611     
 216.96  10      11600    43.4279    43.8077    0.379841    5980     3611     
 217.14  10      11650    43.4279    43.8077    0.379841    6030     3611     
 217.38  10      11700    43.4279    43.8077    0.379841    5854     3611     
 217.54  10      11750    43.4279    43.8077    0.379841    5904     3611     
 217.73  10      11800    43.4279    43.8077    0.379841    5954     3611     
 217.9   10      11850    43.4279    43.8077    0.379841    6004     3611     
 218.39  10      11900    43.4279    43.8077    0.379841    6054     3616     
 219.24  10      11950    43.4279    43.8077    0.379841    6104     3666     
 219.48  10      12000    43.4279    43.8077    0.379841    6154     3716     
 219.76  10      12050    43.4279    43.8077    0.379841    6204     3766     
 220.05  10      12100    43.4279    43.8077    0.379841    6254     3816     
 220.37  10      12150    43.4279    43.8077    0.379841    6246     3866     
 220.76  10      12200    43.4279    43.8077    0.379841    6273     3916     
 221.45  10      12250    43.4279    43.8077    0.379841    6322     3966     
 224.12  11      13153    43.4343    43.8077    0.373337    6179     4010     
 224.13  11      13154    43.4343    43.8077    0.373337    6180     4010     
 224.13  11      13155    43.4343    43.8077    0.373337    6181     4010     
 224.13  11      13156    43.4343    43.8077    0.373337    6182     4010     
 224.14  11      13157    43.4343    43.8077    0.373337    6183     4010     
 224.14  11      13158    43.4343    43.8077    0.373337    6184     4010     
 224.14  11      13159    43.4343    43.8077    0.373337    6185     4010     
 224.14  11      13160    43.4343    43.8077    0.373337    6186     4010     
 224.15  11      13161    43.4343    43.8077    0.373337    6187     4010     
 224.15  11      13162    43.4343    43.8077    0.373337    6188     4010     
 224.15  11      13163    43.4343    43.8077    0.373337    6189     4010     
 224.16  11      13164    43.4343    43.8077    0.373337    6190     4010     
 224.16  11      13165    43.4343    43.8077    0.373337    6191     4010     
 224.16  11      13166    43.4343    43.8077    0.373337    6192     4010     
 224.17  11      13167    43.4343    43.8077    0.373337    6193     4010     
 224.17  11      13168    43.4343    43.8077    0.373337    6194     4010     
 224.17  11      13169    43.4343    43.8077    0.373337    6195     4010     
 224.18  11      13170    43.4343    43.8077    0.373337    6196     4010     
 224.27  11      13200    43.4343    43.8077    0.373337    6226     4010     
 224.45  11      13250    43.4343    43.8077    0.373337    6276     4010     
 225.16  11      13300    43.4343    43.8077    0.373337    6326     4012     
 226.43  11      13350    43.4343    43.8077    0.373337    6376     4016     
 226.6   11      13400    43.4343    43.8077    0.373337    6426     4016     
 226.85  11      13450    43.4343    43.8077    0.373337    6263     4016     
 227.03  11      13500    43.4343    43.8077    0.373337    6313     4016     
 227.23  11      13550    43.4343    43.8077    0.373337    6363     4016     
 227.44  11      13600    43.4343    43.8077    0.373337    6413     4016     
 228.63  11      13650    43.4343    43.8077    0.373337    6455     4043     
 228.89  11      13700    43.4343    43.8077    0.373337    6505     4093     
 229.16  11      13750    43.4343    43.8077    0.373337    6555     4143     
 229.5   11      13800    43.4343    43.8077    0.373337    6605     4193     
 229.84  11      13850    43.4343    43.8077    0.373337    6655     4243     
 232.27  12      14641    43.4343    43.8077    0.373329    6776     4289     
 232.27  12      14642    43.4343    43.8077    0.373329    6777     4289     
 232.27  12      14643    43.4343    43.8077    0.373329    6778     4289     
 232.28  12      14644    43.4343    43.8077    0.373329    6779     4289     
 232.28  12      14645    43.4343    43.8077    0.373329    6780     4289     
 232.28  12      14646    43.4343    43.8077    0.373329    6781     4289     
 232.29  12      14647    43.4343    43.8077    0.373329    6782     4289     
 232.29  12      14648    43.4343    43.8077    0.373329    6783     4289     
 232.29  12      14649    43.4343    43.8077    0.373329    6784     4289     
 232.3   12      14650    43.4343    43.8077    0.373329    6785     4289     
 232.3   12      14651    43.4343    43.8077    0.373329    6786     4289     
 232.3   12      14652    43.4343    43.8077    0.373329    6787     4289     
 232.31  12      14653    43.4343    43.8077    0.373329    6788     4289     
 232.31  12      14654    43.4343    43.8077    0.373329    6789     4289     
 232.31  12      14655    43.4343    43.8077    0.373329    6790     4289     
 232.32  12      14656    43.4343    43.8077    0.373329    6791     4289     
 232.46  12      14700    43.4343    43.8077    0.373329    6835     4289     
 232.67  12      14750    43.4343    43.8077    0.373329    6885     4289     
 232.86  12      14800    43.4343    43.8077    0.373329    6935     4289     
 233.07  12      14850    43.4343    43.8077    0.373329    6985     4289     
 233.27  12      14900    43.4343    43.8077    0.373329    7035     4289     
 233.53  12      14950    43.4343    43.8077    0.373329    6891     4289     
 234.96  12      15000    43.4343    43.8077    0.373329    6941     4294     
 246.88  12      15050    43.4343    43.8077    0.373329    6991     4344     
 252.14  12      15100    43.4343    43.8077    0.373329    7041     4394     
 252.44  12      15150    43.4343    43.8077    0.373329    7091     4444     
 252.8   12      15200    43.4343    43.8077    0.373329    7141     4494     
 253.2   12      15250    43.4343    43.8077    0.373329    7191     4544     
 253.61  12      15300    43.4343    43.8077    0.373329    7241     4594     
 254.04  12      15350    43.4343    43.8077    0.373329    7223     4644     
 254.56  12      15400    43.4343    43.8077    0.373329    7238     4694     
 255.2   12      15450    43.4343    43.8077    0.373329    7259     4744     
 258.12  13      16311    43.4344    43.8077    0.373295    7579     4769     
 258.13  13      16312    43.4344    43.8077    0.373295    7580     4769     
 258.13  13      16313    43.4344    43.8077    0.373295    7581     4769     
 258.14  13      16314    43.4344    43.8077    0.373295    7582     4769     
 258.14  13      16315    43.4344    43.8077    0.373295    7583     4769     
 258.14  13      16316    43.4344    43.8077    0.373295    7584     4769     
 258.15  13      16317    43.4344    43.8077    0.373295    7585     4769     
 258.15  13      16318    43.4344    43.8077    0.373295    7586     4769     
 258.16  13      16319    43.4344    43.8077    0.373295    7587     4769     
 258.16  13      16320    43.4344    43.8077    0.373295    7588     4769     
 258.16  13      16321    43.4344    43.8077    0.373295    7589     4769     
 258.17  13      16322    43.4344    43.8077    0.373295    7590     4769     
 258.17  13      16323    43.4344    43.8077    0.373295    7591     4769     
 258.17  13      16324    43.4344    43.8077    0.373295    7592     4769     
 258.18  13      16325    43.4344    43.8077    0.373295    7593     4769     
 258.18  13      16326    43.4344    43.8077    0.373295    7594     4769     
 258.19  13      16327    43.4344    43.8077    0.373295    7595     4769     
 258.27  13      16350    43.4344    43.8077    0.373295    7618     4769     
 258.52  13      16400    43.4344    43.8077    0.373295    7668     4769     
 258.78  13      16450    43.4344    43.8077    0.373295    7718     4769     
 259.03  13      16500    43.4344    43.8077    0.373295    7768     4769     
 259.23  13      16550    43.4344    43.8077    0.373295    7818     4769     
 259.47  13      16600    43.4344    43.8077    0.373295    7868     4769     
 259.79  13      16650    43.4344    43.8077    0.373295    7663     4769     
 260.06  13      16700    43.4344    43.8077    0.373295    7713     4769     
 260.28  13      16750    43.4344    43.8077    0.373295    7763     4769     
 261.02  13      16800    43.4344    43.8077    0.373295    7813     4804     
 261.36  13      16850    43.4344    43.8077    0.373295    7863     4854     
 261.77  13      16900    43.4344    43.8077    0.373295    7913     4904     
 262.25  13      16950    43.4344    43.8077    0.373295    7963     4954     
 262.76  13      17000    43.4344    43.8077    0.373295    8013     5004     
 265.93  14      17779    43.4344    43.8076    0.373252    8190     5048     
 265.94  14      17780    43.4344    43.8076    0.373252    8191     5048     
 265.94  14      17781    43.4344    43.8076    0.373252    8192     5048     
 265.94  14      17782    43.4344    43.8076    0.373252    8193     5048     
 265.95  14      17783    43.4344    43.8076    0.373252    8194     5048     
 265.95  14      17784    43.4344    43.8076    0.373252    8195     5048     
 265.96  14      17785    43.4344    43.8076    0.373252    8196     5048     
 265.96  14      17786    43.4344    43.8076    0.373252    8197     5048     
 265.97  14      17787    43.4344    43.8076    0.373252    8198     5048     
 265.97  14      17788    43.4344    43.8076    0.373252    8199     5048     
 265.97  14      17789    43.4344    43.8076    0.373252    8200     5048     
 265.98  14      17790    43.4344    43.8076    0.373252    8201     5048     
 265.98  14      17791    43.4344    43.8076    0.373252    8202     5048     
 265.99  14      17792    43.4344    43.8076    0.373252    8203     5048     
 265.99  14      17793    43.4344    43.8076    0.373252    8204     5048     
 266.02  14      17800    43.4344    43.8076    0.373252    8211     5048     
 266.24  14      17850    43.4344    43.8076    0.373252    8261     5048     
 267.61  14      17900    43.4344    43.8076    0.373252    8311     5052     
 267.85  14      17950    43.4344    43.8076    0.373252    8361     5052     
 268.09  14      18000    43.4344    43.8076    0.373252    8411     5052     
 268.35  14      18050    43.4344    43.8076    0.373252    8461     5052     
 268.59  14      18100    43.4344    43.8076    0.373252    8511     5052     
 268.96  14      18150    43.4344    43.8076    0.373252    8280     5052     
 269.2   14      18200    43.4344    43.8076    0.373252    8330     5052     
 269.43  14      18250    43.4344    43.8076    0.373252    8380     5052     
 269.48  14      18300    43.4344    43.8076    0.373252    8430     5052     
 269.51  14      18350    43.4344    43.8076    0.373252    8480     5052     
 269.54  14      18400    43.4344    43.8076    0.373252    8530     5052     
 269.59  14      18450    43.4344    43.8076    0.373252    8580     5052     
 269.93  14      18500    43.4344    43.8076    0.373252    8630     5075     
 272.82  15      19255    43.4347    43.8076    0.372958    8834     5091     
 272.82  15      19256    43.4347    43.8076    0.372958    8835     5091     
 272.83  15      19257    43.4347    43.8076    0.372958    8836     5091     
 272.83  15      19258    43.4347    43.8076    0.372958    8837     5091     
 272.84  15      19259    43.4347    43.8076    0.372958    8838     5091     
 272.84  15      19260    43.4347    43.8076    0.372958    8839     5091     
 272.84  15      19261    43.4347    43.8076    0.372958    8840     5091     
 272.85  15      19262    43.4347    43.8076    0.372958    8841     5091     
 272.85  15      19263    43.4347    43.8076    0.372958    8842     5091     
 272.86  15      19264    43.4347    43.8076    0.372958    8843     5091     
 272.86  15      19265    43.4347    43.8076    0.372958    8844     5091     
 272.87  15      19266    43.4347    43.8076    0.372958    8845     5091     
 272.87  15      19267    43.4347    43.8076    0.372958    8846     5091     
 272.88  15      19268    43.4347    43.8076    0.372958    8847     5091     
 272.88  15      19269    43.4347    43.8076    0.372958    8848     5091     
 273.02  15      19300    43.4347    43.8076    0.372958    8879     5091     
 273.75  15      19350    43.4347    43.8076    0.372958    8929     5093     
 273.99  15      19400    43.4347    43.8076    0.372958    8979     5093     
 274.27  15      19450    43.4347    43.8076    0.372958    9029     5093     
 274.54  15      19500    43.4347    43.8076    0.372958    9079     5093     
 274.85  15      19550    43.4347    43.8076    0.372958    9129     5093     
 275.12  15      19600    43.4347    43.8076    0.372958    9179     5093     
 275.58  15      19650    43.4347    43.8076    0.372958    8904     5093     
 275.86  15      19700    43.4347    43.8076    0.372958    8954     5093     
 275.99  15      19750    43.4347    43.8076    0.372958    9003     5093     
 276.03  15      19800    43.4347    43.8076    0.372958    9053     5093     
 276.06  15      19850    43.4347    43.8076    0.372958    9103     5093     
 276.12  15      19900    43.4347    43.8076    0.372958    9153     5095     
 276.37  15      19950    43.4347    43.8076    0.372958    9203     5113     
 276.82  15      20000    43.4347    43.8076    0.372958    9251     5137     
 280.36  16      20839    43.4349    43.8075    0.372535    9556     5183     
 280.37  16      20840    43.4349    43.8075    0.372535    9557     5183     
 280.37  16      20841    43.4349    43.8075    0.372535    9558     5183     
 280.38  16      20842    43.4349    43.8075    0.372535    9559     5183     
 280.38  16      20843    43.4349    43.8075    0.372535    9560     5183     
 280.39  16      20844    43.4349    43.8075    0.372535    9561     5183     
 280.39  16      20845    43.4349    43.8075    0.372535    9562     5183     
 280.4   16      20846    43.4349    43.8075    0.372535    9563     5183     
 280.4   16      20847    43.4349    43.8075    0.372535    9564     5183     
 280.41  16      20848    43.4349    43.8075    0.372535    9565     5183     
 280.41  16      20849    43.4349    43.8075    0.372535    9566     5183     
 280.42  16      20850    43.4349    43.8075    0.372535    9567     5183     
 280.42  16      20851    43.4349    43.8075    0.372535    9568     5183     
 280.42  16      20852    43.4349    43.8075    0.372535    9569     5183     
 280.43  16      20853    43.4349    43.8075    0.372535    9570     5183     
 280.43  16      20854    43.4349    43.8075    0.372535    9571     5183     
 280.44  16      20855    43.4349    43.8075    0.372535    9572     5183     
 280.65  16      20900    43.4349    43.8075    0.372535    9617     5183     
 281.34  16      20950    43.4349    43.8075    0.372535    9667     5185     
 281.59  16      21000    43.4349    43.8075    0.372535    9717     5185     
 281.88  16      21050    43.4349    43.8075    0.372535    9767     5185     
 282.14  16      21100    43.4349    43.8075    0.372535    9817     5185     
 282.42  16      21150    43.4349    43.8075    0.372535    9867     5185     
 282.72  16      21200    43.4349    43.8075    0.372535    9917     5185     
 283.26  16      21250    43.4349    43.8075    0.372535    9605     5185     
 283.56  16      21300    43.4349    43.8075    0.372535    9655     5185     
 283.64  16      21350    43.4349    43.8075    0.372535    9705     5185     
 283.68  16      21400    43.4349    43.8075    0.372535    9755     5185     
 283.71  16      21450    43.4349    43.8075    0.372535    9805     5185     
 283.76  16      21500    43.4349    43.8075    0.372535    9855     5185     
 283.82  16      21550    43.4349    43.8075    0.372535    9905     5185     
 284.44  16      21600    43.4349    43.8075    0.372535    9952     5226     
 285.36  16      21650    43.4349    43.8075    0.372535    10000    5276     
 288.75  17      22473    43.4354    43.8075    0.372012    10187    5281     
 288.75  17      22474    43.4354    43.8075    0.372012    10188    5281     
 288.76  17      22475    43.4354    43.8075    0.372012    10189    5281     
 288.76  17      22476    43.4354    43.8075    0.372012    10190    5281     
 288.77  17      22477    43.4354    43.8075    0.372012    10191    5281     
 288.77  17      22478    43.4354    43.8075    0.372012    10192    5281     
 288.78  17      22479    43.4354    43.8075    0.372012    10193    5281     
 288.78  17      22480    43.4354    43.8075    0.372012    10194    5281     
 288.79  17      22481    43.4354    43.8075    0.372012    10195    5281     
 288.79  17      22482    43.4354    43.8075    0.372012    10196    5281     
 288.8   17      22483    43.4354    43.8075    0.372012    10197    5281     
 288.8   17      22484    43.4354    43.8075    0.372012    10198    5281     
 288.81  17      22485    43.4354    43.8075    0.372012    10199    5281     
 288.81  17      22486    43.4354    43.8075    0.372012    10200    5281     
 288.82  17      22487    43.4354    43.8075    0.372012    10201    5281     
 288.82  17      22488    43.4354    43.8075    0.372012    10202    5281     
 288.88  17      22500    43.4354    43.8075    0.372012    10214    5281     
 289.13  17      22550    43.4354    43.8075    0.372012    10264    5281     
 289.39  17      22600    43.4354    43.8075    0.372012    10314    5281     
 289.71  17      22650    43.4354    43.8075    0.372012    10364    5281     
 290.06  17      22700    43.4354    43.8075    0.372012    10414    5281     
 290.5   17      22750    43.4354    43.8075    0.372012    10464    5281     
 290.91  17      22800    43.4354    43.8075    0.372012    10514    5281     
 292.96  17      22850    43.4354    43.8075    0.372012    10564    5287     
 304.67  17      22900    43.4354    43.8075    0.372012    10252    5334     
-------------------------------------------------------------------------------

SARSOP finishing ...
  Preset timeout reached
  Timeout     : 300.000000s
  Actual Time : 304.670000s



Model 0, proba: 0.166667
Model 1, proba: 0.166667
Model 2, proba: 0.166667
Model 3, proba: 0.166667
Model 4, proba: 0.166667
Model 5, proba: 0.166667
260.613   262.845

-------------------------------------------------------------------------------
 Time   |#Trial |#Backup |LBound    |UBound    |Precision  |#Alphas |#Beliefs  
-------------------------------------------------------------------------------
 304.87  17      22900    43.4354    43.8075    0.372012    10232    5334     
-------------------------------------------------------------------------------

Writing out policy ...
  output file : out.policy

