
Loading the model ...
  input file   : ../examples/POMDPX/Tiger.pomdpx
InitialX is 0
  loading time : 0.00s 

SARSOP initializing...
best action for state 0 : 2
  initialization time : 0.00s
 0       0       0        -20        92.8206    112.821     5        1        

-------------------------------------------------------------------------------
 Time   |#Trial |#Backup |LBound    |UBound    |Precision  |#Alphas |#Beliefs  
-------------------------------------------------------------------------------
 0       2       51       -6.2981    63.1396    69.4377     7        16       
 0       4       103      0.149651   52.2764    52.1268     9        21       
 0       6       151      6.19248    42.0546    35.8621     9        21       
 0       8       200      10.3563    35.232     24.8757     12       21       
 0       11      250      14.0433    29.5471    15.5037     6        21       
 0       14      300      16.545     25.0926    8.54759     10       21       
 0       17      350      18.2281    21.8163    3.5882      14       21       
 0       18      400      18.7451    20.9384    2.19328     8        21       
 0.01    21      465      19.1109    20.0218    0.910956    5        21       
 0.01    22      500      19.2369    19.7071    0.470219    11       21       
 0.01    24      550      19.3036    19.5405    0.236865    6        21       
 0.01    25      600      19.3369    19.4574    0.120445    13       21       
 0.01    27      669      19.3579    19.4049    0.0469305   5        21       
 0.01    28      713      19.3643    19.389     0.024739    5        21       
 0.01    29      757      19.3676    19.3807    0.0130409   5        21       
 0.01    30      801      19.3694    19.3763    0.0068744   5        21       
 0.01    31      850      19.3704    19.3739    0.00351433  10       21       
 0.01    32      900      19.3709    19.3725    0.00155165  5        21       
 0.01    33      936      19.3711    19.3721    0.000976551 8        21       
-------------------------------------------------------------------------------

SARSOP finishing ...
  target precision reached
  target precision  : 0.001000
  precision reached : 0.000977 



Model 0, proba: 0.5
Model 1, proba: 0.5
38.7422   38.7441

-------------------------------------------------------------------------------
 Time   |#Trial |#Backup |LBound    |UBound    |Precision  |#Alphas |#Beliefs  
-------------------------------------------------------------------------------
 0.01    33      936      19.3711    19.3721    0.000976551 5        21       
-------------------------------------------------------------------------------

Writing out policy ...
  output file : out.policy

