
Loading the model ...
  input file   : Mosquito4.pomdpx
InitialX is 31
  loading time : 0.53s 

SARSOP initializing...
best action for state 0 : 0
best action for state 1 : 2
best action for state 2 : 6
best action for state 3 : 5
best action for state 4 : 14
best action for state 5 : 10
best action for state 6 : 13
best action for state 7 : 12
best action for state 8 : 27
best action for state 9 : 2
best action for state 10 : 29
best action for state 11 : 5
best action for state 12 : 30
best action for state 13 : 10
best action for state 14 : 13
best action for state 15 : 12
best action for state 16 : 0
best action for state 17 : 2
best action for state 18 : 6
best action for state 19 : 5
best action for state 20 : 14
best action for state 21 : 10
best action for state 22 : 13
best action for state 23 : 12
best action for state 24 : 27
best action for state 25 : 19
best action for state 26 : 29
best action for state 27 : 21
best action for state 28 : 30
best action for state 29 : 24
best action for state 30 : 25
best action for state 31 : 12
best action for state 32 : 30
  initialization time : 1.12s
 1.12    0       0        21.0849    21.2241    0.13916     1221     1        

-------------------------------------------------------------------------------
 Time   |#Trial |#Backup |LBound    |UBound    |Precision  |#Alphas |#Beliefs  
-------------------------------------------------------------------------------
 1.38    0       50       21.0849    21.2157    0.130759    187      51       
 1.4     1       109      21.0874    21.1944    0.107058    243      55       
 1.51    1       150      21.0874    21.1944    0.107058    262      64       
 1.81    2       233      21.0874    21.1944    0.107058    323      84       
 1.82    2       250      21.0874    21.1944    0.107058    340      84       
 2.3     3       363      21.0889    21.1934    0.10452     387      108      
 2.3     3       364      21.0889    21.1934    0.10452     388      108      
 2.31    3       400      21.0889    21.1934    0.10452     401      108      
 2.5     4       499      21.089     21.1934    0.104409    451      121      
 2.5     4       500      21.089     21.1934    0.104409    452      121      
 2.54    4       550      21.089     21.1934    0.104409    467      122      
 2.72    5       619      21.0893    21.1932    0.103915    523      128      
 2.73    5       650      21.0893    21.1932    0.103915    554      128      
 3.11    6       753      21.0895    21.1931    0.103672    573      142      
 3.11    6       754      21.0895    21.1931    0.103672    574      142      
 3.19    6       800      21.0895    21.1931    0.103672    584      144      
 3.4     7       893      21.0895    21.193     0.103512    646      155      
 3.41    7       900      21.0895    21.193     0.103512    653      155      
 3.44    7       950      21.0895    21.193     0.103512    664      156      
 3.6     8       1027     21.0895    21.1929    0.103427    710      165      
 3.6     8       1050     21.0895    21.1929    0.103427    733      165      
 3.7     9       1149     21.0904    21.192     0.101603    736      170      
 3.7     9       1150     21.0904    21.192     0.101603    737      170      
 3.72    9       1200     21.0904    21.192     0.101603    765      170      
 3.8     10      1285     21.0908    21.1919    0.101113    748      175      
 3.81    10      1300     21.0908    21.1919    0.101113    763      175      
 3.95    11      1413     21.0913    21.1914    0.100106    813      183      
 3.95    11      1414     21.0913    21.1914    0.100106    814      183      
 3.96    11      1450     21.0913    21.1914    0.100106    850      183      
 4.08    12      1535     21.0914    21.1908    0.0994578   875      187      
 4.08    12      1550     21.0914    21.1908    0.0994578   890      187      
 4.2     13      1657     21.0916    21.1908    0.0991873   936      193      
 4.21    13      1658     21.0916    21.1908    0.0991873   937      193      
 4.22    13      1700     21.0916    21.1908    0.0991873   979      193      
 4.55    14      1797     21.0918    21.1905    0.0987293   1024     208      
 4.55    14      1800     21.0918    21.1905    0.0987293   1027     208      
 4.56    14      1850     21.0918    21.1905    0.0987293   1077     208      
 4.75    15      1925     21.0922    21.1902    0.0979933   1084     218      
 4.76    15      1950     21.0922    21.1902    0.0979933   1109     218      
 4.97    16      2043     21.0922    21.1902    0.0979933   1152     222      
 4.97    16      2050     21.0922    21.1902    0.0979933   1159     222      
 4.99    16      2100     21.0922    21.1902    0.0979933   1209     222      
 5.13    17      2181     21.0923    21.1902    0.097871    1222     228      
 5.14    17      2200     21.0923    21.1902    0.097871    1241     228      
 5.49    17      2250     21.0923    21.1902    0.097871    1287     243      
 5.6     18      2329     21.0924    21.1902    0.0978252   1311     247      
 5.61    18      2350     21.0924    21.1902    0.0978252   1332     247      
 5.82    19      2453     21.0936    21.1898    0.0961783   1381     255      
 5.82    19      2454     21.0936    21.1898    0.0961783   1382     255      
 5.84    19      2500     21.0936    21.1898    0.0961783   1428     255      
 5.89    20      2587     21.0937    21.1898    0.0960522   1452     255      
 5.89    20      2600     21.0937    21.1898    0.0960522   1465     255      
 6.13    20      2650     21.0937    21.1898    0.0960522   1512     264      
 6.24    21      2723     21.0938    21.1896    0.0957451   1541     268      
 6.25    21      2750     21.0938    21.1896    0.0957451   1568     268      
 6.68    22      2859     21.0939    21.1896    0.0956944   1618     283      
 6.68    22      2860     21.0939    21.1896    0.0956944   1619     283      
 6.7     22      2900     21.0939    21.1896    0.0956944   1659     283      
 6.81    23      2991     21.0943    21.1892    0.0949037   1750     289      
 6.82    23      3000     21.0943    21.1892    0.0949037   1717     289      
 6.85    23      3050     21.0943    21.1892    0.0949037   1731     289      
 7.05    24      3131     21.0946    21.1892    0.0945653   1810     298      
 7.06    24      3150     21.0946    21.1892    0.0945653   1829     298      
 7.13    25      3263     21.0947    21.1892    0.0945483   1849     298      
 7.13    25      3264     21.0947    21.1892    0.0945483   1850     298      
 7.16    25      3300     21.0947    21.1892    0.0945483   1853     298      
 7.53    26      3401     21.0947    21.1891    0.0943986   1915     307      
 7.53    26      3402     21.0947    21.1891    0.0943986   1916     307      
 7.56    26      3450     21.0947    21.1891    0.0943986   1905     307      
 8.11    27      3541     21.0947    21.1889    0.0941553   1939     324      
 8.12    27      3550     21.0947    21.1889    0.0941553   1948     324      
 8.16    27      3600     21.0947    21.1889    0.0941553   1963     324      
 8.43    28      3693     21.0947    21.1889    0.0941514   2049     333      
 8.43    28      3700     21.0947    21.1889    0.0941514   2056     333      
 8.47    28      3750     21.0947    21.1889    0.0941514   2052     333      
 8.85    29      3845     21.095     21.1889    0.093862    2097     348      
 8.86    29      3850     21.095     21.1889    0.093862    2102     348      
 8.89    29      3900     21.095     21.1889    0.093862    2152     348      
 9.12    30      3979     21.095     21.1889    0.0938506   2183     353      
 9.13    30      4000     21.095     21.1889    0.0938506   2204     353      
 9.38    31      4113     21.0951    21.1889    0.093797    2268     358      
 9.38    31      4114     21.0951    21.1889    0.093797    2269     358      
 9.41    31      4150     21.0951    21.1889    0.093797    2305     358      
 9.5     32      4243     21.0952    21.1888    0.0935877   2311     359      
 9.51    32      4250     21.0952    21.1888    0.0935877   2318     359      
 9.54    32      4300     21.0952    21.1888    0.0935877   2368     359      
 9.66    33      4377     21.0952    21.1888    0.0935877   2412     361      
 9.68    33      4400     21.0952    21.1888    0.0935877   2435     361      
 10.08   33      4450     21.0952    21.1888    0.0935877   2437     373      
 10.21   34      4531     21.0952    21.1888    0.0935877   2513     376      
 10.22   34      4550     21.0952    21.1888    0.0935877   2532     376      
 10.6    34      4600     21.0952    21.1888    0.0935877   2582     382      
 10.74   35      4675     21.0952    21.1887    0.0934755   2576     384      
 10.76   35      4700     21.0952    21.1887    0.0934755   2601     384      
 11.1    35      4750     21.0952    21.1887    0.0934755   2650     397      
 11.16   36      4827     21.0953    21.1887    0.0933375   2727     397      
 11.19   36      4850     21.0953    21.1887    0.0933375   2702     397      
 11.45   36      4900     21.0953    21.1887    0.0933375   2729     410      
 11.53   37      4975     21.0955    21.1886    0.0931659   2704     410      
 11.55   37      5000     21.0955    21.1886    0.0931659   2729     410      
-------------------------------------------------------------------------------

SARSOP finishing ...
  Preset timeout reached
  Timeout     : 3.000000s
  Actual Time : 11.550000s



Model 0, proba: 0.166667
Model 1, proba: 0.166667
Model 2, proba: 0.166667
Model 3, proba: 0.166667
Model 4, proba: 0.166667
Model 5, proba: 0.166667
126.573   127.132

-------------------------------------------------------------------------------
 Time   |#Trial |#Backup |LBound    |UBound    |Precision  |#Alphas |#Beliefs  
-------------------------------------------------------------------------------
 11.58   37      5000     21.0955    21.1886    0.0931659   2633     410      
-------------------------------------------------------------------------------

Writing out policy ...
  output file : out.policy

