
Loading the model ...
  input file   : Mosquito4.pomdpx
  loading time : 0.52s 

SARSOP initializing ...
  initialization time : 1.01s

-------------------------------------------------------------------------------
 Time   |#Trial |#Backup |LBound    |UBound    |Precision  |#Alphas |#Beliefs  
-------------------------------------------------------------------------------
 1.01    0       0        14.6338    21.2241    6.59025     1023     1        
 1.29    0       50       14.8712    21.2157    6.34447     38       51       
 1.56    0       100      14.8712    21.2157    6.34447     80       101      
 1.58    1       207      15.6238    21.195     5.57119     70       104      
 1.58    1       208      15.6238    21.195     5.57119     71       104      
 1.79    1       250      15.6238    21.195     5.57119     95       115      
 2.43    2       375      15.995     21.1941    5.19908     77       155      
 2.43    2       376      15.995     21.1941    5.19908     78       155      
 2.44    2       400      15.995     21.1941    5.19908     80       155      
 2.91    2       450      15.995     21.1941    5.19908     86       176      
 3.02    3       591      16.2578    21.1929    4.93511     135      208      
 3.02    3       592      16.2578    21.1929    4.93511     136      208      
 3.02    3       600      16.2578    21.1929    4.93511     144      208      
 3.46    3       650      16.2578    21.1929    4.93511     150      220      
 3.77    3       700      16.2578    21.1929    4.93511     145      261      
 3.8     4       843      16.5263    21.1928    4.66651     156      277      
 3.8     4       844      16.5263    21.1928    4.66651     157      277      
 3.8     4       850      16.5263    21.1928    4.66651     163      277      
 3.85    4       900      16.5263    21.1928    4.66651     170      278      
 4.25    5       1019     16.7198    21.1928    4.47296     172      304      
 4.25    5       1020     16.7198    21.1928    4.47296     173      304      
 4.25    5       1050     16.7198    21.1928    4.47296     182      304      
 4.78    5       1100     16.7198    21.1928    4.47296     188      322      
 4.99    6       1263     16.8244    21.1928    4.36837     194      362      
 4.99    6       1264     16.8244    21.1928    4.36837     195      362      
 4.99    6       1265     16.8244    21.1928    4.36837     196      362      
 4.99    6       1300     16.8244    21.1928    4.36837     209      362      
 5.06    6       1350     16.8244    21.1928    4.36837     215      364      
 5.14    7       1481     16.9211    21.1928    4.27167     219      380      
 5.14    7       1482     16.9211    21.1928    4.27167     220      380      
 5.15    7       1500     16.9211    21.1928    4.27167     238      380      
 5.21    7       1550     16.9211    21.1928    4.27167     239      382      
 5.42    7       1600     16.9211    21.1928    4.27167     256      426      
 5.44    8       1721     17.049     21.1928    4.14377     202      426      
 5.44    8       1722     17.049     21.1928    4.14377     203      426      
 5.45    8       1750     17.049     21.1928    4.14377     210      426      
 5.48    8       1800     17.049     21.1928    4.14377     219      427      
 5.79    9       1931     17.1648    21.1924    4.02767     220      452      
 5.79    9       1932     17.1648    21.1924    4.02767     221      452      
 5.79    9       1950     17.1648    21.1924    4.02767     239      452      
 5.8     9       2000     17.1648    21.1924    4.02767     257      452      
 6.24    10      2050     17.1648    21.1924    4.02767     285      494      
 6.27    10      2169     17.3117    21.1924    3.88078     175      494      
 6.27    10      2170     17.3117    21.1924    3.88078     176      494      
 6.27    10      2200     17.3117    21.1924    3.88078     184      494      
 6.39    10      2250     17.3117    21.1924    3.88078     190      498      
 6.6     11      2395     17.5239    21.1924    3.6685      164      529      
 6.6     11      2396     17.5239    21.1924    3.6685      165      529      
 6.6     11      2400     17.5239    21.1924    3.6685      169      529      
 6.62    11      2450     17.5239    21.1924    3.6685      175      529      
 6.94    11      2500     17.5239    21.1924    3.6685      165      552      
 6.97    12      2623     17.6622    21.1924    3.53026     172      560      
 6.97    12      2624     17.6622    21.1924    3.53026     173      560      
 6.98    12      2650     17.6622    21.1924    3.53026     177      560      
 6.99    12      2700     17.6622    21.1924    3.53026     183      560      
 7.36    13      2843     17.7341    21.1924    3.45829     182      587      
 7.36    13      2844     17.7341    21.1924    3.45829     183      587      
 7.36    13      2850     17.7341    21.1924    3.45829     189      587      
 7.37    13      2900     17.7341    21.1924    3.45829     195      587      
 7.78    14      3047     17.8755    21.1924    3.31696     240      608      
 7.78    14      3048     17.8755    21.1924    3.31696     241      608      
 7.78    14      3050     17.8755    21.1924    3.31696     243      608      
 7.8     14      3100     17.8755    21.1924    3.31696     249      608      
 8.29    14      3150     17.8755    21.1924    3.31696     256      629      
 8.38    15      3277     17.9459    21.1924    3.24656     238      640      
 8.38    15      3278     17.9459    21.1924    3.24656     239      640      
 8.39    15      3300     17.9459    21.1924    3.24656     244      640      
 8.4     15      3350     17.9459    21.1924    3.24656     250      640      
 8.73    16      3473     18.0991    21.1924    3.09335     263      652      
 8.73    16      3474     18.0991    21.1924    3.09335     264      652      
 8.74    16      3500     18.0991    21.1924    3.09335     268      652      
 8.75    16      3550     18.0991    21.1924    3.09335     276      652      
 9.1     17      3697     18.2047    21.1924    2.98769     237      671      
 9.1     17      3698     18.2047    21.1924    2.98769     238      671      
 9.1     17      3700     18.2047    21.1924    2.98769     240      671      
 9.11    17      3750     18.2047    21.1924    2.98769     260      671      
 9.21    17      3800     18.2047    21.1924    2.98769     249      677      
 9.31    18      3953     18.2712    21.1924    2.92118     234      701      
 9.31    18      3954     18.2712    21.1924    2.92118     235      701      
 9.31    18      3955     18.2712    21.1924    2.92118     236      701      
 9.33    18      4000     18.2712    21.1924    2.92118     237      701      
 9.58    18      4050     18.2712    21.1924    2.92118     232      710      
 9.74    19      4181     18.3886    21.1924    2.80385     204      726      
 9.74    19      4182     18.3886    21.1924    2.80385     205      726      
 9.75    19      4200     18.3886    21.1924    2.80385     223      726      
 9.76    19      4250     18.3886    21.1924    2.80385     207      726      
 10.48   20      4417     18.4583    21.1924    2.73413     252      757      
-------------------------------------------------------------------------------

SARSOP finishing ...
  Preset timeout reached
  Timeout     : 10.000000s
  Actual Time : 10.480000s

-------------------------------------------------------------------------------
 Time   |#Trial |#Backup |LBound    |UBound    |Precision  |#Alphas |#Beliefs  
-------------------------------------------------------------------------------
 10.48   20      4417     18.4583    21.1924    2.73413     102      757      
-------------------------------------------------------------------------------

Writing out policy ...
  output file : out.policy

