
Loading the model ...
  input file   : Mosquito6.pomdpx
  loading time : 20.37s 

SARSOP initializing ...
  initialization time : 62.20s

-------------------------------------------------------------------------------
 Time   |#Trial |#Backup |LBound    |UBound    |Precision  |#Alphas |#Beliefs  
-------------------------------------------------------------------------------
 62.2    0       0        18.337     32.2697    13.9326     10062    1        
 67.74   0       50       18.5491    32.2501    13.701      134      51       
 78.56   0       100      18.5491    32.2501    13.701      140      101      
 98.55   0       150      18.5491    32.2501    13.701      146      151      
 123.77  0       200      18.5491    32.2501    13.701      130      201      
 148.57  0       250      18.5491    32.2501    13.701      136      251      
 169.01  0       300      18.5491    32.2501    13.701      142      301      
 184.79  0       350      18.5491    32.2501    13.701      148      351      
 197.25  0       400      18.5491    32.2501    13.701      132      397      
 197.29  0       450      18.5491    32.2501    13.701      138      397      
 197.32  0       500      18.5491    32.2501    13.701      144      397      
 197.35  0       550      18.5491    32.2501    13.701      139      397      
 197.37  0       600      18.5491    32.2501    13.701      134      397      
 197.4   0       650      18.5491    32.2501    13.701      140      397      
 197.43  0       700      18.5491    32.2501    13.701      146      397      
 197.46  0       750      18.5491    32.2501    13.701      130      397      
 197.51  0       800      18.5491    32.2501    13.701      136      397      
 197.57  0       850      18.5491    32.2501    13.701      142      397      
 197.63  0       900      18.5491    32.2501    13.701      148      397      
 197.67  0       950      18.5491    32.2501    13.701      132      397      
 197.7   0       1000     18.5491    32.2501    13.701      138      397      
 197.73  0       1050     18.5491    32.2501    13.701      144      397      
 197.76  0       1100     18.5491    32.2501    13.701      139      397      
 197.78  0       1150     18.5491    32.2501    13.701      134      397      
 200.7   0       1200     18.5491    32.2501    13.701      162      423      
 201.97  0       1250     18.5491    32.2501    13.701      190      463      
 203.42  1       2543     19.044     32.2176    13.1736     160      464      
 203.42  1       2544     19.044     32.2176    13.1736     161      464      
 203.42  1       2545     19.044     32.2176    13.1736     162      464      
 203.43  1       2546     19.044     32.2176    13.1736     163      464      
 203.43  1       2547     19.044     32.2176    13.1736     164      464      
 203.43  1       2548     19.044     32.2176    13.1736     165      464      
 203.43  1       2549     19.044     32.2176    13.1736     166      464      
 203.43  1       2550     19.044     32.2176    13.1736     167      464      
 203.43  1       2551     19.044     32.2176    13.1736     168      464      
 203.43  1       2552     19.044     32.2176    13.1736     169      464      
 203.44  1       2553     19.044     32.2176    13.1736     170      464      
 203.44  1       2554     19.044     32.2176    13.1736     171      464      
 203.44  1       2555     19.044     32.2176    13.1736     172      464      
 203.44  1       2556     19.044     32.2176    13.1736     173      464      
 203.45  1       2557     19.044     32.2176    13.1736     174      464      
 203.85  1       2558     19.044     32.2176    13.1736     175      465      
 204.33  1       2559     19.044     32.2176    13.1736     176      466      
 204.78  1       2560     19.044     32.2176    13.1736     177      467      
 205.32  1       2561     19.044     32.2176    13.1736     178      468      
 205.79  1       2562     19.044     32.2176    13.1736     179      469      
 206.34  1       2563     19.044     32.2176    13.1736     180      470      
 206.82  1       2564     19.044     32.2176    13.1736     170      471      
 207.42  1       2565     19.044     32.2176    13.1736     160      472      
 207.98  1       2566     19.044     32.2176    13.1736     161      473      
 208.58  1       2567     19.044     32.2176    13.1736     162      474      
 209.1   1       2568     19.044     32.2176    13.1736     163      475      
 235.84  1       2600     19.044     32.2176    13.1736     173      507      
 289.13  1       2650     19.044     32.2176    13.1736     179      557      
 346.08  1       2700     19.044     32.2176    13.1736     163      607      
-------------------------------------------------------------------------------

SARSOP finishing ...
  Preset timeout reached
  Timeout     : 300.000000s
  Actual Time : 346.080000s

-------------------------------------------------------------------------------
 Time   |#Trial |#Backup |LBound    |UBound    |Precision  |#Alphas |#Beliefs  
-------------------------------------------------------------------------------
 346.08  1       2700     19.044     32.2176    13.1736     129      607      
-------------------------------------------------------------------------------

Writing out policy ...
  output file : out.policy

