
Loading the model ...
  input file   : Mosquito1.pomdpx
  loading time : 0.00s 

SARSOP initializing ...
  initialization time : 0.07s

-------------------------------------------------------------------------------
 Time   |#Trial |#Backup |LBound    |UBound    |Precision  |#Alphas |#Beliefs  
-------------------------------------------------------------------------------
 0.07    0       0        57.8016    133.773    75.9713     15       1        
 0.08    0       50       59.6209    133.773    74.152      23       51       
 0.08    0       100      59.6209    133.773    74.152      29       101      
 0.08    0       150      59.6209    133.773    74.152      13       151      
 0.09    0       200      59.6209    133.773    74.152      19       201      
 0.09    0       250      59.6209    133.773    74.152      25       251      
 0.09    0       300      59.6209    133.773    74.152      31       301      
 0.1     0       350      59.6209    133.773    74.152      15       351      
 0.1     0       400      59.6209    133.773    74.152      21       401      
 0.11    0       450      59.6209    133.773    74.152      27       451      
 0.11    0       500      59.6209    133.773    74.152      33       501      
 0.11    0       550      59.6209    133.773    74.152      41       551      
 0.12    0       600      59.6209    133.773    74.152      25       601      
 0.12    0       650      59.6209    133.773    74.152      31       651      
 0.12    0       700      59.6209    133.773    74.152      37       701      
 0.12    0       750      59.6209    133.773    74.152      32       749      
 0.12    0       800      59.6209    133.773    74.152      27       749      
 0.12    0       850      59.6209    133.773    74.152      33       749      
 0.13    0       900      59.6209    133.773    74.152      39       749      
 0.13    0       950      59.6209    133.773    74.152      23       749      
 0.13    0       1000     59.6209    133.773    74.152      29       749      
 0.16    1       2067     83.391     133.771    50.38       7        751      
 0.16    1       2068     83.391     133.771    50.38       8        751      
 0.16    1       2069     83.391     133.771    50.38       9        751      
 0.16    1       2070     83.391     133.771    50.38       10       751      
 0.16    1       2071     83.391     133.771    50.38       11       751      
 0.16    1       2072     83.391     133.771    50.38       12       751      
 0.16    1       2073     83.391     133.771    50.38       13       751      
 0.16    1       2074     83.391     133.771    50.38       14       751      
 0.16    1       2075     83.391     133.771    50.38       15       751      
 0.16    1       2076     83.391     133.771    50.38       16       751      
 0.16    1       2077     83.391     133.771    50.38       17       751      
 0.16    1       2078     83.391     133.771    50.38       18       751      
 0.16    1       2079     83.391     133.771    50.38       19       751      
 0.16    1       2080     83.391     133.771    50.38       20       751      
 0.16    1       2081     83.391     133.771    50.38       21       751      
 0.16    1       2082     83.391     133.771    50.38       22       751      
 0.16    1       2083     83.391     133.771    50.38       23       751      
 0.16    1       2084     83.391     133.771    50.38       24       751      
 0.16    1       2085     83.391     133.771    50.38       25       751      
 0.16    1       2086     83.391     133.771    50.38       26       751      
 0.16    1       2087     83.391     133.771    50.38       27       751      
 0.16    1       2100     83.391     133.771    50.38       18       751      
 0.17    1       2150     83.391     133.771    50.38       24       751      
 0.17    1       2200     83.391     133.771    50.38       8        751      
 0.18    1       2250     83.391     133.771    50.38       14       751      
 0.19    1       2300     83.391     133.771    50.38       20       751      
 0.2     1       2350     83.391     133.771    50.38       26       751      
 0.2     1       2400     83.391     133.771    50.38       10       751      
 0.21    1       2450     83.391     133.771    50.38       16       751      
 0.22    1       2500     83.391     133.771    50.38       22       751      
 0.23    1       2550     83.391     133.771    50.38       17       751      
 0.24    1       2600     83.391     133.771    50.38       12       793      
 0.25    1       2650     83.391     133.771    50.38       18       843      
 0.26    1       2700     83.391     133.771    50.38       24       893      
 0.26    1       2750     83.391     133.771    50.38       19       943      
 0.27    1       2800     83.391     133.771    50.38       14       993      
 0.27    1       2850     83.391     133.771    50.38       20       1043     
 0.27    1       2900     83.391     133.771    50.38       26       1093     
 0.27    1       2950     83.391     133.771    50.38       10       1115     
 0.27    1       3000     83.391     133.771    50.38       16       1115     
 0.28    1       3050     83.391     133.771    50.38       22       1115     
 0.28    1       3100     83.391     133.771    50.38       28       1115     
 0.28    1       3150     83.391     133.771    50.38       12       1115     
 0.34    2       4261     94.4521    133.77     39.3183     7        1117     
 0.34    2       4262     94.4521    133.77     39.3183     8        1117     
 0.34    2       4263     94.4521    133.77     39.3183     9        1117     
 0.34    2       4264     94.4521    133.77     39.3183     10       1117     
 0.34    2       4265     94.4521    133.77     39.3183     11       1117     
 0.34    2       4266     94.4521    133.77     39.3183     12       1117     
 0.34    2       4267     94.4521    133.77     39.3183     13       1117     
 0.34    2       4268     94.4521    133.77     39.3183     14       1117     
 0.34    2       4269     94.4521    133.77     39.3183     15       1117     
 0.34    2       4270     94.4521    133.77     39.3183     16       1117     
 0.34    2       4271     94.4521    133.77     39.3183     17       1117     
 0.34    2       4272     94.4521    133.77     39.3183     18       1117     
 0.34    2       4273     94.4521    133.77     39.3183     19       1117     
 0.34    2       4274     94.4521    133.77     39.3183     20       1117     
 0.34    2       4275     94.4521    133.77     39.3183     21       1117     
 0.34    2       4276     94.4521    133.77     39.3183     22       1117     
 0.34    2       4277     94.4521    133.77     39.3183     23       1117     
 0.34    2       4278     94.4521    133.77     39.3183     24       1117     
 0.34    2       4279     94.4521    133.77     39.3183     25       1117     
 0.34    2       4280     94.4521    133.77     39.3183     26       1117     
 0.34    2       4281     94.4521    133.77     39.3183     27       1117     
 0.34    2       4282     94.4521    133.77     39.3183     17       1117     
 0.35    2       4300     94.4521    133.77     39.3183     24       1117     
 0.36    2       4350     94.4521    133.77     39.3183     8        1117     
 0.37    2       4400     94.4521    133.77     39.3183     14       1117     
 0.38    2       4450     94.4521    133.77     39.3183     20       1117     
 0.38    2       4500     94.4521    133.77     39.3183     26       1117     
 0.39    2       4550     94.4521    133.77     39.3183     10       1117     
 0.4     2       4600     94.4521    133.77     39.3183     16       1117     
 0.41    2       4650     94.4521    133.77     39.3183     22       1117     
 0.42    2       4700     94.4521    133.77     39.3183     17       1117     
 0.43    2       4750     94.4521    133.77     39.3183     12       1117     
 0.43    2       4800     94.4521    133.77     39.3183     18       1117     
 0.44    2       4850     94.4521    133.77     39.3183     24       1117     
 0.46    2       4900     94.4521    133.77     39.3183     8        1161     
 0.46    2       4950     94.4521    133.77     39.3183     14       1211     
 0.46    2       5000     94.4521    133.77     39.3183     20       1261     
 0.47    2       5050     94.4521    133.77     39.3183     26       1311     
 0.47    2       5100     94.4521    133.77     39.3183     10       1361     
 0.47    2       5150     94.4521    133.77     39.3183     16       1363     
 0.48    2       5200     94.4521    133.77     39.3183     22       1363     
 0.48    2       5250     94.4521    133.77     39.3183     28       1363     
 0.54    3       6337     102.917    133.77     30.8532     7        1365     
 0.54    3       6338     102.917    133.77     30.8532     8        1365     
 0.54    3       6339     102.917    133.77     30.8532     9        1365     
 0.54    3       6340     102.917    133.77     30.8532     10       1365     
 0.54    3       6341     102.917    133.77     30.8532     11       1365     
 0.54    3       6342     102.917    133.77     30.8532     12       1365     
 0.54    3       6343     102.917    133.77     30.8532     13       1365     
 0.54    3       6344     102.917    133.77     30.8532     14       1365     
 0.54    3       6345     102.917    133.77     30.8532     15       1365     
 0.54    3       6346     102.917    133.77     30.8532     16       1365     
 0.54    3       6347     102.917    133.77     30.8532     17       1365     
 0.54    3       6348     102.917    133.77     30.8532     18       1365     
 0.54    3       6349     102.917    133.77     30.8532     19       1365     
 0.54    3       6350     102.917    133.77     30.8532     20       1365     
 0.54    3       6351     102.917    133.77     30.8532     21       1365     
 0.54    3       6352     102.917    133.77     30.8532     22       1365     
 0.54    3       6353     102.917    133.77     30.8532     23       1365     
 0.55    3       6354     102.917    133.77     30.8532     24       1365     
 0.55    3       6355     102.917    133.77     30.8532     25       1365     
 0.55    3       6356     102.917    133.77     30.8532     26       1365     
 0.55    3       6357     102.917    133.77     30.8532     27       1365     
 0.55    3       6358     102.917    133.77     30.8532     17       1365     
 0.56    3       6400     102.917    133.77     30.8532     26       1365     
 0.56    3       6450     102.917    133.77     30.8532     10       1365     
 0.57    3       6500     102.917    133.77     30.8532     16       1365     
 0.58    3       6550     102.917    133.77     30.8532     22       1365     
 0.59    3       6600     102.917    133.77     30.8532     17       1365     
 0.6     3       6650     102.917    133.77     30.8532     12       1365     
 0.61    3       6700     102.917    133.77     30.8532     18       1365     
 0.62    3       6750     102.917    133.77     30.8532     24       1365     
 0.63    3       6800     102.917    133.77     30.8532     8        1365     
 0.64    3       6850     102.917    133.77     30.8532     14       1365     
 0.65    3       6900     102.917    133.77     30.8532     20       1365     
 0.65    3       6950     102.917    133.77     30.8532     26       1365     
 0.66    3       7000     102.917    133.77     30.8532     10       1412     
 0.67    3       7050     102.917    133.77     30.8532     16       1462     
 0.67    3       7100     102.917    133.77     30.8532     22       1512     
 0.68    3       7150     102.917    133.77     30.8532     28       1562     
 0.68    3       7200     102.917    133.77     30.8532     12       1612     
 0.69    3       7250     102.917    133.77     30.8532     18       1628     
 0.69    3       7300     102.917    133.77     30.8532     24       1628     
 0.75    4       8287     109.402    133.769    24.3678     7        1628     
 0.75    4       8288     109.402    133.769    24.3678     8        1628     
 0.75    4       8289     109.402    133.769    24.3678     9        1628     
 0.75    4       8290     109.402    133.769    24.3678     10       1628     
 0.75    4       8291     109.402    133.769    24.3678     11       1628     
 0.75    4       8292     109.402    133.769    24.3678     12       1628     
 0.75    4       8293     109.402    133.769    24.3678     13       1628     
 0.76    4       8294     109.402    133.769    24.3678     14       1628     
 0.76    4       8295     109.402    133.769    24.3678     15       1628     
 0.76    4       8296     109.402    133.769    24.3678     16       1628     
 0.76    4       8297     109.402    133.769    24.3678     17       1628     
 0.76    4       8298     109.402    133.769    24.3678     18       1628     
 0.76    4       8299     109.402    133.769    24.3678     19       1628     
 0.76    4       8300     109.402    133.769    24.3678     20       1628     
 0.76    4       8301     109.402    133.769    24.3678     21       1628     
 0.76    4       8302     109.402    133.769    24.3678     22       1628     
 0.76    4       8303     109.402    133.769    24.3678     23       1628     
 0.76    4       8304     109.402    133.769    24.3678     24       1628     
 0.76    4       8305     109.402    133.769    24.3678     25       1628     
 0.76    4       8306     109.402    133.769    24.3678     26       1628     
 0.76    4       8350     109.402    133.769    24.3678     26       1628     
 0.77    4       8400     109.402    133.769    24.3678     10       1628     
 0.78    4       8450     109.402    133.769    24.3678     16       1628     
 0.79    4       8500     109.402    133.769    24.3678     22       1628     
 0.81    4       8550     109.402    133.769    24.3678     17       1628     
 0.81    4       8600     109.402    133.769    24.3678     12       1628     
 0.82    4       8650     109.402    133.769    24.3678     18       1628     
 0.83    4       8700     109.402    133.769    24.3678     24       1628     
 0.84    4       8750     109.402    133.769    24.3678     8        1628     
 0.85    4       8800     109.402    133.769    24.3678     14       1628     
 0.86    4       8850     109.402    133.769    24.3678     20       1628     
 0.87    4       8900     109.402    133.769    24.3678     26       1628     
 0.88    4       8950     109.402    133.769    24.3678     10       1653     
 0.89    4       9000     109.402    133.769    24.3678     16       1703     
 0.89    4       9050     109.402    133.769    24.3678     22       1753     
 0.9     4       9100     109.402    133.769    24.3678     28       1803     
 0.9     4       9150     109.402    133.769    24.3678     12       1853     
 0.97    5       10109    114.12     133.769    19.6499     7        1886     
 0.97    5       10110    114.12     133.769    19.6499     8        1886     
 0.98    5       10111    114.12     133.769    19.6499     9        1886     
 0.98    5       10112    114.12     133.769    19.6499     10       1886     
 0.98    5       10113    114.12     133.769    19.6499     11       1886     
 0.98    5       10114    114.12     133.769    19.6499     12       1886     
 0.98    5       10115    114.12     133.769    19.6499     13       1886     
 0.98    5       10116    114.12     133.769    19.6499     14       1886     
 0.98    5       10117    114.12     133.769    19.6499     15       1886     
 0.98    5       10118    114.12     133.769    19.6499     16       1886     
 0.98    5       10119    114.12     133.769    19.6499     17       1886     
 0.98    5       10120    114.12     133.769    19.6499     18       1886     
 0.98    5       10121    114.12     133.769    19.6499     19       1886     
 0.98    5       10122    114.12     133.769    19.6499     20       1886     
 0.98    5       10123    114.12     133.769    19.6499     21       1886     
 0.98    5       10124    114.12     133.769    19.6499     22       1886     
 0.98    5       10125    114.12     133.769    19.6499     23       1886     
 0.98    5       10126    114.12     133.769    19.6499     24       1886     
 0.98    5       10127    114.12     133.769    19.6499     25       1886     
 0.98    5       10150    114.12     133.769    19.6499     26       1886     
 0.99    5       10200    114.12     133.769    19.6499     10       1886     
 1       5       10250    114.12     133.769    19.6499     16       1886     
 1.01    5       10300    114.12     133.769    19.6499     22       1886     
 1.02    5       10350    114.12     133.769    19.6499     17       1886     
 1.03    5       10400    114.12     133.769    19.6499     12       1886     
 1.05    5       10450    114.12     133.769    19.6499     18       1886     
 1.05    5       10500    114.12     133.769    19.6499     24       1886     
 1.06    5       10550    114.12     133.769    19.6499     8        1886     
 1.07    5       10600    114.12     133.769    19.6499     14       1886     
 1.08    5       10650    114.12     133.769    19.6499     20       1886     
 1.09    5       10700    114.12     133.769    19.6499     26       1886     
 1.1     5       10750    114.12     133.769    19.6499     10       1886     
 1.12    5       10800    114.12     133.769    19.6499     16       1917     
 1.12    5       10850    114.12     133.769    19.6499     22       1967     
 1.13    5       10900    114.12     133.769    19.6499     28       2017     
 1.13    5       10950    114.12     133.769    19.6499     12       2067     
 1.2     6       11827    117.73     133.769    16.0398     7        2084     
 1.2     6       11828    117.73     133.769    16.0398     8        2084     
 1.2     6       11829    117.73     133.769    16.0398     9        2084     
 1.2     6       11830    117.73     133.769    16.0398     10       2084     
 1.2     6       11831    117.73     133.769    16.0398     11       2084     
 1.2     6       11832    117.73     133.769    16.0398     12       2084     
 1.2     6       11833    117.73     133.769    16.0398     13       2084     
 1.2     6       11834    117.73     133.769    16.0398     14       2084     
 1.2     6       11835    117.73     133.769    16.0398     15       2084     
 1.2     6       11836    117.73     133.769    16.0398     16       2084     
 1.2     6       11837    117.73     133.769    16.0398     17       2084     
 1.2     6       11838    117.73     133.769    16.0398     18       2084     
 1.2     6       11839    117.73     133.769    16.0398     19       2084     
 1.2     6       11840    117.73     133.769    16.0398     20       2084     
 1.21    6       11841    117.73     133.769    16.0398     21       2084     
 1.21    6       11842    117.73     133.769    16.0398     22       2084     
 1.21    6       11843    117.73     133.769    16.0398     23       2084     
 1.21    6       11850    117.73     133.769    16.0398     8        2084     
 1.22    6       11900    117.73     133.769    16.0398     14       2084     
 1.22    6       11950    117.73     133.769    16.0398     20       2084     
 1.24    6       12000    117.73     133.769    16.0398     26       2084     
 1.25    6       12050    117.73     133.769    16.0398     10       2084     
 1.25    6       12100    117.73     133.769    16.0398     16       2084     
 1.27    6       12150    117.73     133.769    16.0398     22       2084     
 1.28    6       12200    117.73     133.769    16.0398     17       2084     
 1.29    6       12250    117.73     133.769    16.0398     12       2084     
 1.3     6       12300    117.73     133.769    16.0398     18       2084     
 1.31    6       12350    117.73     133.769    16.0398     24       2084     
 1.32    6       12400    117.73     133.769    16.0398     8        2084     
 1.33    6       12450    117.73     133.769    16.0398     14       2084     
 1.34    6       12500    117.73     133.769    16.0398     20       2084     
 1.36    6       12550    117.73     133.769    16.0398     26       2125     
 1.36    6       12600    117.73     133.769    16.0398     32       2175     
 1.44    7       13459    119.594    133.769    14.1754     7        2217     
 1.44    7       13460    119.594    133.769    14.1754     8        2217     
 1.44    7       13461    119.594    133.769    14.1754     9        2217     
 1.44    7       13462    119.594    133.769    14.1754     10       2217     
 1.44    7       13463    119.594    133.769    14.1754     11       2217     
 1.44    7       13464    119.594    133.769    14.1754     12       2217     
 1.44    7       13465    119.594    133.769    14.1754     13       2217     
 1.44    7       13466    119.594    133.769    14.1754     14       2217     
 1.44    7       13467    119.594    133.769    14.1754     15       2217     
 1.44    7       13468    119.594    133.769    14.1754     16       2217     
 1.44    7       13469    119.594    133.769    14.1754     17       2217     
 1.44    7       13470    119.594    133.769    14.1754     18       2217     
 1.44    7       13471    119.594    133.769    14.1754     19       2217     
 1.44    7       13472    119.594    133.769    14.1754     20       2217     
 1.44    7       13473    119.594    133.769    14.1754     21       2217     
 1.44    7       13474    119.594    133.769    14.1754     22       2217     
 1.44    7       13475    119.594    133.769    14.1754     23       2217     
 1.44    7       13500    119.594    133.769    14.1754     26       2217     
 1.45    7       13550    119.594    133.769    14.1754     10       2217     
 1.46    7       13600    119.594    133.769    14.1754     16       2217     
 1.47    7       13650    119.594    133.769    14.1754     22       2217     
 1.49    7       13700    119.594    133.769    14.1754     17       2217     
 1.5     7       13750    119.594    133.769    14.1754     12       2217     
 1.5     7       13800    119.594    133.769    14.1754     18       2217     
 1.52    7       13850    119.594    133.769    14.1754     24       2217     
 1.53    7       13900    119.594    133.769    14.1754     8        2217     
 1.53    7       13950    119.594    133.769    14.1754     14       2217     
 1.55    7       14000    119.594    133.769    14.1754     20       2217     
 1.56    7       14050    119.594    133.769    14.1754     26       2217     
 1.56    7       14100    119.594    133.769    14.1754     10       2217     
 1.58    7       14150    119.594    133.769    14.1754     16       2217     
 1.58    7       14200    119.594    133.769    14.1754     22       2259     
 1.66    8       15035    121.144    133.769    12.625      7        2305     
 1.66    8       15036    121.144    133.769    12.625      8        2305     
 1.66    8       15037    121.144    133.769    12.625      9        2305     
 1.66    8       15038    121.144    133.769    12.625      10       2305     
 1.66    8       15039    121.144    133.769    12.625      11       2305     
 1.66    8       15040    121.144    133.769    12.625      12       2305     
 1.66    8       15041    121.144    133.769    12.625      13       2305     
 1.66    8       15042    121.144    133.769    12.625      14       2305     
 1.66    8       15043    121.144    133.769    12.625      15       2305     
 1.66    8       15044    121.144    133.769    12.625      16       2305     
 1.66    8       15045    121.144    133.769    12.625      17       2305     
 1.66    8       15046    121.144    133.769    12.625      18       2305     
 1.66    8       15047    121.144    133.769    12.625      19       2305     
 1.66    8       15048    121.144    133.769    12.625      20       2305     
 1.66    8       15049    121.144    133.769    12.625      21       2305     
 1.66    8       15050    121.144    133.769    12.625      22       2305     
 1.66    8       15051    121.144    133.769    12.625      23       2305     
 1.66    8       15100    121.144    133.769    12.625      17       2305     
 1.68    8       15150    121.144    133.769    12.625      12       2305     
 1.69    8       15200    121.144    133.769    12.625      18       2305     
 1.7     8       15250    121.144    133.769    12.625      24       2305     
 1.71    8       15300    121.144    133.769    12.625      8        2305     
 1.73    8       15350    121.144    133.769    12.625      14       2305     
 1.74    8       15400    121.144    133.769    12.625      20       2305     
 1.74    8       15450    121.144    133.769    12.625      26       2305     
 1.76    8       15500    121.144    133.769    12.625      10       2305     
 1.77    8       15550    121.144    133.769    12.625      16       2305     
 1.78    8       15600    121.144    133.769    12.625      22       2305     
 1.79    8       15650    121.144    133.769    12.625      17       2305     
 1.8     8       15700    121.144    133.769    12.625      12       2305     
 1.81    8       15750    121.144    133.769    12.625      18       2314     
 1.88    9       16563    122.397    133.769    11.3723     7        2362     
 1.88    9       16564    122.397    133.769    11.3723     8        2362     
 1.88    9       16565    122.397    133.769    11.3723     9        2362     
 1.88    9       16566    122.397    133.769    11.3723     10       2362     
 1.88    9       16567    122.397    133.769    11.3723     11       2362     
 1.88    9       16568    122.397    133.769    11.3723     12       2362     
 1.88    9       16569    122.397    133.769    11.3723     13       2362     
 1.88    9       16570    122.397    133.769    11.3723     14       2362     
 1.88    9       16571    122.397    133.769    11.3723     15       2362     
 1.88    9       16572    122.397    133.769    11.3723     16       2362     
 1.88    9       16573    122.397    133.769    11.3723     17       2362     
 1.88    9       16574    122.397    133.769    11.3723     18       2362     
 1.88    9       16575    122.397    133.769    11.3723     19       2362     
 1.88    9       16576    122.397    133.769    11.3723     20       2362     
 1.88    9       16577    122.397    133.769    11.3723     21       2362     
 1.88    9       16578    122.397    133.769    11.3723     22       2362     
 1.88    9       16600    122.397    133.769    11.3723     22       2362     
 1.9     9       16650    122.397    133.769    11.3723     17       2362     
 1.9     9       16700    122.397    133.769    11.3723     12       2362     
 1.91    9       16750    122.397    133.769    11.3723     18       2362     
 1.93    9       16800    122.397    133.769    11.3723     24       2362     
 1.94    9       16850    122.397    133.769    11.3723     8        2362     
 1.95    9       16900    122.397    133.769    11.3723     14       2362     
 1.96    9       16950    122.397    133.769    11.3723     20       2362     
 1.98    9       17000    122.397    133.769    11.3723     26       2362     
 1.98    9       17050    122.397    133.769    11.3723     10       2362     
 2       9       17100    122.397    133.769    11.3723     16       2362     
 2.02    9       17150    122.397    133.769    11.3723     22       2362     
 2.02    9       17200    122.397    133.769    11.3723     17       2362     
 2.03    9       17250    122.397    133.769    11.3723     12       2362     
 2.04    9       17300    122.397    133.769    11.3723     18       2362     
 2.1     10      18059    123.436    133.769    10.3334     7        2362     
 2.1     10      18060    123.436    133.769    10.3334     8        2362     
 2.1     10      18061    123.436    133.769    10.3334     9        2362     
 2.1     10      18062    123.436    133.769    10.3334     10       2362     
 2.1     10      18063    123.436    133.769    10.3334     11       2362     
 2.1     10      18064    123.436    133.769    10.3334     12       2362     
 2.1     10      18065    123.436    133.769    10.3334     13       2362     
 2.1     10      18066    123.436    133.769    10.3334     14       2362     
 2.1     10      18067    123.436    133.769    10.3334     15       2362     
 2.1     10      18068    123.436    133.769    10.3334     16       2362     
 2.1     10      18069    123.436    133.769    10.3334     17       2362     
 2.1     10      18070    123.436    133.769    10.3334     18       2362     
 2.1     10      18071    123.436    133.769    10.3334     19       2362     
 2.1     10      18072    123.436    133.769    10.3334     20       2362     
 2.1     10      18073    123.436    133.769    10.3334     21       2362     
 2.11    10      18100    123.436    133.769    10.3334     26       2362     
 2.12    10      18150    123.436    133.769    10.3334     10       2362     
 2.13    10      18200    123.436    133.769    10.3334     16       2362     
 2.14    10      18250    123.436    133.769    10.3334     22       2362     
 2.16    10      18300    123.436    133.769    10.3334     17       2362     
 2.17    10      18350    123.436    133.769    10.3334     12       2362     
 2.18    10      18400    123.436    133.769    10.3334     18       2362     
 2.19    10      18450    123.436    133.769    10.3334     24       2362     
 2.2     10      18500    123.436    133.769    10.3334     8        2362     
 2.21    10      18550    123.436    133.769    10.3334     14       2362     
 2.22    10      18600    123.436    133.769    10.3334     20       2362     
 2.24    10      18650    123.436    133.769    10.3334     26       2362     
 2.24    10      18700    123.436    133.769    10.3334     10       2362     
 2.25    10      18750    123.436    133.769    10.3334     16       2362     
 2.33    11      19529    124.338    133.769    9.4313      7        2398     
 2.33    11      19530    124.338    133.769    9.4313      8        2398     
 2.33    11      19531    124.338    133.769    9.4313      9        2398     
 2.33    11      19532    124.338    133.769    9.4313      10       2398     
 2.33    11      19533    124.338    133.769    9.4313      11       2398     
 2.33    11      19534    124.338    133.769    9.4313      12       2398     
 2.33    11      19535    124.338    133.769    9.4313      13       2398     
 2.33    11      19536    124.338    133.769    9.4313      14       2398     
 2.33    11      19537    124.338    133.769    9.4313      15       2398     
 2.33    11      19538    124.338    133.769    9.4313      16       2398     
 2.33    11      19539    124.338    133.769    9.4313      17       2398     
 2.33    11      19540    124.338    133.769    9.4313      18       2398     
 2.33    11      19541    124.338    133.769    9.4313      19       2398     
 2.33    11      19542    124.338    133.769    9.4313      20       2398     
 2.33    11      19543    124.338    133.769    9.4313      21       2398     
 2.33    11      19550    124.338    133.769    9.4313      17       2398     
 2.34    11      19600    124.338    133.769    9.4313      12       2398     
 2.34    11      19650    124.338    133.769    9.4313      18       2398     
 2.36    11      19700    124.338    133.769    9.4313      24       2398     
 2.38    11      19750    124.338    133.769    9.4313      8        2398     
 2.38    11      19800    124.338    133.769    9.4313      14       2398     
 2.39    11      19850    124.338    133.769    9.4313      20       2398     
 2.41    11      19900    124.338    133.769    9.4313      26       2398     
 2.41    11      19950    124.338    133.769    9.4313      10       2398     
 2.43    11      20000    124.338    133.769    9.4313      16       2398     
 2.44    11      20050    124.338    133.769    9.4313      22       2398     
 2.44    11      20100    124.338    133.769    9.4313      17       2398     
 2.46    11      20150    124.338    133.769    9.4313      12       2398     
 2.47    11      20200    124.338    133.769    9.4313      18       2398     
 2.48    11      20250    124.338    133.769    9.4313      24       2432     
 2.54    12      20975    125.153    133.769    8.61628     7        2433     
 2.54    12      20976    125.153    133.769    8.61628     8        2433     
 2.54    12      20977    125.153    133.769    8.61628     9        2433     
 2.54    12      20978    125.153    133.769    8.61628     10       2433     
 2.54    12      20979    125.153    133.769    8.61628     11       2433     
 2.54    12      20980    125.153    133.769    8.61628     12       2433     
 2.54    12      20981    125.153    133.769    8.61628     13       2433     
 2.54    12      20982    125.153    133.769    8.61628     14       2433     
 2.54    12      20983    125.153    133.769    8.61628     15       2433     
 2.54    12      20984    125.153    133.769    8.61628     16       2433     
 2.54    12      20985    125.153    133.769    8.61628     17       2433     
 2.54    12      20986    125.153    133.769    8.61628     18       2433     
 2.54    12      20987    125.153    133.769    8.61628     19       2433     
 2.54    12      20988    125.153    133.769    8.61628     20       2433     
 2.54    12      21000    125.153    133.769    8.61628     10       2433     
 2.56    12      21050    125.153    133.769    8.61628     16       2433     
 2.56    12      21100    125.153    133.769    8.61628     22       2433     
 2.58    12      21150    125.153    133.769    8.61628     17       2433     
 2.59    12      21200    125.153    133.769    8.61628     12       2433     
 2.6     12      21250    125.153    133.769    8.61628     18       2433     
 2.61    12      21300    125.153    133.769    8.61628     24       2433     
 2.63    12      21350    125.153    133.769    8.61628     8        2433     
 2.63    12      21400    125.153    133.769    8.61628     14       2433     
 2.65    12      21450    125.153    133.769    8.61628     20       2433     
 2.66    12      21500    125.153    133.769    8.61628     26       2433     
 2.67    12      21550    125.153    133.769    8.61628     10       2433     
 2.68    12      21600    125.153    133.769    8.61628     16       2433     
 2.69    12      21650    125.153    133.769    8.61628     22       2433     
 2.76    13      22397    125.888    133.769    7.88155     7        2467     
 2.76    13      22398    125.888    133.769    7.88155     8        2467     
 2.76    13      22399    125.888    133.769    7.88155     9        2467     
 2.76    13      22400    125.888    133.769    7.88155     10       2467     
 2.76    13      22401    125.888    133.769    7.88155     11       2467     
 2.76    13      22402    125.888    133.769    7.88155     12       2467     
 2.76    13      22403    125.888    133.769    7.88155     13       2467     
 2.76    13      22404    125.888    133.769    7.88155     14       2467     
 2.76    13      22405    125.888    133.769    7.88155     15       2467     
 2.76    13      22406    125.888    133.769    7.88155     16       2467     
 2.76    13      22407    125.888    133.769    7.88155     17       2467     
 2.76    13      22408    125.888    133.769    7.88155     18       2467     
 2.76    13      22409    125.888    133.769    7.88155     19       2467     
 2.76    13      22410    125.888    133.769    7.88155     20       2467     
 2.76    13      22411    125.888    133.769    7.88155     21       2467     
 2.76    13      22450    125.888    133.769    7.88155     16       2467     
 2.78    13      22500    125.888    133.769    7.88155     22       2467     
 2.79    13      22550    125.888    133.769    7.88155     17       2467     
 2.8     13      22600    125.888    133.769    7.88155     12       2467     
 2.81    13      22650    125.888    133.769    7.88155     18       2467     
 2.83    13      22700    125.888    133.769    7.88155     24       2467     
 2.83    13      22750    125.888    133.769    7.88155     8        2467     
 2.84    13      22800    125.888    133.769    7.88155     14       2467     
 2.86    13      22850    125.888    133.769    7.88155     20       2467     
 2.87    13      22900    125.888    133.769    7.88155     26       2467     
 2.87    13      22950    125.888    133.769    7.88155     10       2467     
 2.89    13      23000    125.888    133.769    7.88155     16       2467     
 2.9     13      23050    125.888    133.769    7.88155     22       2467     
 2.97    14      23795    126.557    133.769    7.2125      7        2501     
 2.97    14      23796    126.557    133.769    7.2125      8        2501     
 2.97    14      23797    126.557    133.769    7.2125      9        2501     
 2.97    14      23798    126.557    133.769    7.2125      10       2501     
 2.97    14      23799    126.557    133.769    7.2125      11       2501     
 2.97    14      23800    126.557    133.769    7.2125      12       2501     
 2.97    14      23801    126.557    133.769    7.2125      13       2501     
 2.97    14      23802    126.557    133.769    7.2125      14       2501     
 2.97    14      23803    126.557    133.769    7.2125      15       2501     
 2.97    14      23804    126.557    133.769    7.2125      16       2501     
 2.97    14      23805    126.557    133.769    7.2125      17       2501     
 2.97    14      23806    126.557    133.769    7.2125      18       2501     
 2.97    14      23807    126.557    133.769    7.2125      19       2501     
 2.97    14      23808    126.557    133.769    7.2125      20       2501     
 2.97    14      23809    126.557    133.769    7.2125      21       2501     
 2.98    14      23850    126.557    133.769    7.2125      18       2501     
 2.99    14      23900    126.557    133.769    7.2125      24       2501     
 3.01    14      23950    126.557    133.769    7.2125      8        2501     
 3.01    14      24000    126.557    133.769    7.2125      14       2501     
 3.03    14      24050    126.557    133.769    7.2125      20       2501     
 3.04    14      24100    126.557    133.769    7.2125      26       2501     
 3.04    14      24150    126.557    133.769    7.2125      10       2501     
 3.06    14      24200    126.557    133.769    7.2125      16       2501     
 3.07    14      24250    126.557    133.769    7.2125      22       2501     
 3.09    14      24300    126.557    133.769    7.2125      17       2501     
 3.09    14      24350    126.557    133.769    7.2125      12       2501     
 3.1     14      24400    126.557    133.769    7.2125      18       2501     
 3.12    14      24450    126.557    133.769    7.2125      24       2504     
 3.19    15      25167    127.162    133.769    6.60793     7        2534     
 3.19    15      25168    127.162    133.769    6.60793     8        2534     
 3.19    15      25169    127.162    133.769    6.60793     9        2534     
 3.19    15      25170    127.162    133.769    6.60793     10       2534     
 3.19    15      25171    127.162    133.769    6.60793     11       2534     
 3.19    15      25172    127.162    133.769    6.60793     12       2534     
 3.19    15      25173    127.162    133.769    6.60793     13       2534     
 3.19    15      25174    127.162    133.769    6.60793     14       2534     
 3.19    15      25175    127.162    133.769    6.60793     15       2534     
 3.19    15      25176    127.162    133.769    6.60793     16       2534     
 3.19    15      25177    127.162    133.769    6.60793     17       2534     
 3.19    15      25178    127.162    133.769    6.60793     18       2534     
 3.19    15      25179    127.162    133.769    6.60793     19       2534     
 3.19    15      25180    127.162    133.769    6.60793     20       2534     
 3.19    15      25200    127.162    133.769    6.60793     18       2534     
 3.2     15      25250    127.162    133.769    6.60793     24       2534     
 3.21    15      25300    127.162    133.769    6.60793     8        2534     
 3.22    15      25350    127.162    133.769    6.60793     14       2534     
 3.24    15      25400    127.162    133.769    6.60793     20       2534     
 3.24    15      25450    127.162    133.769    6.60793     26       2534     
 3.26    15      25500    127.162    133.769    6.60793     10       2534     
 3.27    15      25550    127.162    133.769    6.60793     16       2534     
 3.29    15      25600    127.162    133.769    6.60793     22       2534     
 3.29    15      25650    127.162    133.769    6.60793     17       2534     
 3.31    15      25700    127.162    133.769    6.60793     12       2534     
 3.32    15      25750    127.162    133.769    6.60793     18       2534     
 3.32    15      25800    127.162    133.769    6.60793     24       2534     
 3.39    16      26513    127.715    133.769    6.05397     7        2567     
 3.39    16      26514    127.715    133.769    6.05397     8        2567     
 3.39    16      26515    127.715    133.769    6.05397     9        2567     
 3.39    16      26516    127.715    133.769    6.05397     10       2567     
 3.39    16      26517    127.715    133.769    6.05397     11       2567     
 3.39    16      26518    127.715    133.769    6.05397     12       2567     
 3.39    16      26519    127.715    133.769    6.05397     13       2567     
 3.39    16      26520    127.715    133.769    6.05397     14       2567     
 3.39    16      26521    127.715    133.769    6.05397     15       2567     
 3.39    16      26522    127.715    133.769    6.05397     16       2567     
 3.39    16      26523    127.715    133.769    6.05397     17       2567     
 3.39    16      26524    127.715    133.769    6.05397     18       2567     
 3.39    16      26525    127.715    133.769    6.05397     19       2567     
 3.39    16      26526    127.715    133.769    6.05397     20       2567     
 3.39    16      26550    127.715    133.769    6.05397     22       2567     
 3.41    16      26600    127.715    133.769    6.05397     17       2567     
 3.41    16      26650    127.715    133.769    6.05397     12       2567     
 3.42    16      26700    127.715    133.769    6.05397     18       2567     
 3.44    16      26750    127.715    133.769    6.05397     24       2567     
 3.45    16      26800    127.715    133.769    6.05397     8        2567     
 3.46    16      26850    127.715    133.769    6.05397     14       2567     
 3.48    16      26900    127.715    133.769    6.05397     20       2567     
 3.49    16      26950    127.715    133.769    6.05397     26       2567     
 3.49    16      27000    127.715    133.769    6.05397     10       2567     
 3.51    16      27050    127.715    133.769    6.05397     16       2567     
 3.52    16      27100    127.715    133.769    6.05397     22       2567     
 3.53    16      27150    127.715    133.769    6.05397     28       2578     
 3.59    17      27835    128.226    133.769    5.54313     7        2601     
 3.59    17      27836    128.226    133.769    5.54313     8        2601     
 3.59    17      27837    128.226    133.769    5.54313     9        2601     
 3.59    17      27838    128.226    133.769    5.54313     10       2601     
 3.59    17      27839    128.226    133.769    5.54313     11       2601     
 3.59    17      27840    128.226    133.769    5.54313     12       2601     
 3.59    17      27841    128.226    133.769    5.54313     13       2601     
 3.59    17      27842    128.226    133.769    5.54313     14       2601     
 3.59    17      27843    128.226    133.769    5.54313     15       2601     
 3.59    17      27844    128.226    133.769    5.54313     16       2601     
 3.59    17      27845    128.226    133.769    5.54313     17       2601     
 3.59    17      27846    128.226    133.769    5.54313     18       2601     
 3.59    17      27847    128.226    133.769    5.54313     19       2601     
 3.59    17      27850    128.226    133.769    5.54313     22       2601     
 3.59    17      27900    128.226    133.769    5.54313     17       2601     
 3.61    17      27950    128.226    133.769    5.54313     12       2601     
 3.62    17      28000    128.226    133.769    5.54313     18       2601     
 3.63    17      28050    128.226    133.769    5.54313     24       2601     
 3.64    17      28100    128.226    133.769    5.54313     8        2601     
 3.66    17      28150    128.226    133.769    5.54313     14       2601     
 3.67    17      28200    128.226    133.769    5.54313     20       2601     
 3.67    17      28250    128.226    133.769    5.54313     26       2601     
 3.69    17      28300    128.226    133.769    5.54313     10       2601     
 3.7     17      28350    128.226    133.769    5.54313     16       2601     
 3.71    17      28400    128.226    133.769    5.54313     22       2601     
 3.72    17      28450    128.226    133.769    5.54313     28       2603     
 3.78    18      29129    128.689    133.769    5.08063     7        2634     
 3.78    18      29130    128.689    133.769    5.08063     8        2634     
 3.78    18      29131    128.689    133.769    5.08063     9        2634     
 3.78    18      29132    128.689    133.769    5.08063     10       2634     
 3.78    18      29133    128.689    133.769    5.08063     11       2634     
 3.78    18      29134    128.689    133.769    5.08063     12       2634     
 3.78    18      29135    128.689    133.769    5.08063     13       2634     
 3.78    18      29136    128.689    133.769    5.08063     14       2634     
 3.78    18      29137    128.689    133.769    5.08063     15       2634     
 3.78    18      29138    128.689    133.769    5.08063     16       2634     
 3.78    18      29139    128.689    133.769    5.08063     17       2634     
 3.78    18      29140    128.689    133.769    5.08063     18       2634     
 3.78    18      29141    128.689    133.769    5.08063     19       2634     
 3.78    18      29150    128.689    133.769    5.08063     17       2634     
 3.79    18      29200    128.689    133.769    5.08063     12       2634     
 3.8     18      29250    128.689    133.769    5.08063     18       2634     
 3.82    18      29300    128.689    133.769    5.08063     24       2634     
 3.83    18      29350    128.689    133.769    5.08063     8        2634     
 3.84    18      29400    128.689    133.769    5.08063     14       2634     
 3.85    18      29450    128.689    133.769    5.08063     20       2634     
 3.87    18      29500    128.689    133.769    5.08063     26       2634     
 3.87    18      29550    128.689    133.769    5.08063     10       2634     
 3.88    18      29600    128.689    133.769    5.08063     16       2634     
 3.9     18      29650    128.689    133.769    5.08063     22       2634     
 3.9     18      29700    128.689    133.769    5.08063     17       2634     
 3.92    18      29750    128.689    133.769    5.08063     23       2656     
 3.97    19      30397    129.115    133.769    4.65454     7        2668     
 3.97    19      30398    129.115    133.769    4.65454     8        2668     
 3.97    19      30399    129.115    133.769    4.65454     9        2668     
 3.97    19      30400    129.115    133.769    4.65454     10       2668     
 3.97    19      30401    129.115    133.769    4.65454     11       2668     
 3.97    19      30402    129.115    133.769    4.65454     12       2668     
 3.97    19      30403    129.115    133.769    4.65454     13       2668     
 3.97    19      30404    129.115    133.769    4.65454     14       2668     
 3.97    19      30405    129.115    133.769    4.65454     15       2668     
 3.97    19      30406    129.115    133.769    4.65454     16       2668     
 3.97    19      30407    129.115    133.769    4.65454     17       2668     
 3.97    19      30408    129.115    133.769    4.65454     18       2668     
 3.97    19      30409    129.115    133.769    4.65454     19       2668     
 3.98    19      30450    129.115    133.769    4.65454     16       2668     
 3.99    19      30500    129.115    133.769    4.65454     22       2668     
 4.01    19      30550    129.115    133.769    4.65454     17       2668     
 4.01    19      30600    129.115    133.769    4.65454     12       2668     
 4.02    19      30650    129.115    133.769    4.65454     18       2668     
 4.04    19      30700    129.115    133.769    4.65454     24       2668     
 4.04    19      30750    129.115    133.769    4.65454     8        2668     
 4.06    19      30800    129.115    133.769    4.65454     14       2668     
 4.07    19      30850    129.115    133.769    4.65454     20       2668     
 4.08    19      30900    129.115    133.769    4.65454     26       2668     
 4.09    19      30950    129.115    133.769    4.65454     10       2668     
 4.1     19      31000    129.115    133.769    4.65454     38       2685     
 4.16    20      31637    129.501    133.769    4.26815     7        2701     
 4.16    20      31638    129.501    133.769    4.26815     8        2701     
 4.16    20      31639    129.501    133.769    4.26815     9        2701     
 4.16    20      31640    129.501    133.769    4.26815     10       2701     
 4.16    20      31641    129.501    133.769    4.26815     11       2701     
 4.16    20      31642    129.501    133.769    4.26815     12       2701     
 4.16    20      31643    129.501    133.769    4.26815     13       2701     
 4.16    20      31644    129.501    133.769    4.26815     14       2701     
 4.16    20      31645    129.501    133.769    4.26815     15       2701     
 4.16    20      31646    129.501    133.769    4.26815     16       2701     
 4.16    20      31647    129.501    133.769    4.26815     17       2701     
 4.16    20      31648    129.501    133.769    4.26815     18       2701     
 4.16    20      31650    129.501    133.769    4.26815     20       2701     
 4.16    20      31700    129.501    133.769    4.26815     26       2701     
 4.18    20      31750    129.501    133.769    4.26815     10       2701     
 4.19    20      31800    129.501    133.769    4.26815     16       2701     
 4.2     20      31850    129.501    133.769    4.26815     22       2701     
 4.21    20      31900    129.501    133.769    4.26815     17       2701     
 4.23    20      31950    129.501    133.769    4.26815     12       2701     
 4.24    20      32000    129.501    133.769    4.26815     18       2701     
 4.24    20      32050    129.501    133.769    4.26815     24       2701     
 4.26    20      32100    129.501    133.769    4.26815     8        2701     
 4.27    20      32150    129.501    133.769    4.26815     14       2701     
 4.27    20      32200    129.501    133.769    4.26815     20       2701     
 4.33    21      32849    129.854    133.769    3.91513     7        2734     
 4.33    21      32850    129.854    133.769    3.91513     8        2734     
 4.33    21      32851    129.854    133.769    3.91513     9        2734     
 4.33    21      32852    129.854    133.769    3.91513     10       2734     
 4.33    21      32853    129.854    133.769    3.91513     11       2734     
 4.33    21      32854    129.854    133.769    3.91513     12       2734     
 4.33    21      32855    129.854    133.769    3.91513     13       2734     
 4.33    21      32856    129.854    133.769    3.91513     14       2734     
 4.33    21      32857    129.854    133.769    3.91513     15       2734     
 4.33    21      32858    129.854    133.769    3.91513     16       2734     
 4.33    21      32859    129.854    133.769    3.91513     17       2734     
 4.33    21      32860    129.854    133.769    3.91513     18       2734     
 4.34    21      32861    129.854    133.769    3.91513     19       2734     
 4.34    21      32900    129.854    133.769    3.91513     14       2734     
 4.35    21      32950    129.854    133.769    3.91513     20       2734     
 4.37    21      33000    129.854    133.769    3.91513     26       2734     
 4.37    21      33050    129.854    133.769    3.91513     10       2734     
 4.39    21      33100    129.854    133.769    3.91513     16       2734     
 4.41    21      33150    129.854    133.769    3.91513     22       2734     
 4.41    21      33200    129.854    133.769    3.91513     17       2734     
 4.42    21      33250    129.854    133.769    3.91513     12       2734     
 4.44    21      33300    129.854    133.769    3.91513     18       2734     
 4.44    21      33350    129.854    133.769    3.91513     24       2734     
 4.45    21      33400    129.854    133.769    3.91513     8        2734     
 4.51    22      34031    130.178    133.769    3.59105     7        2767     
 4.51    22      34032    130.178    133.769    3.59105     8        2767     
 4.51    22      34033    130.178    133.769    3.59105     9        2767     
 4.51    22      34034    130.178    133.769    3.59105     10       2767     
 4.51    22      34035    130.178    133.769    3.59105     11       2767     
 4.51    22      34036    130.178    133.769    3.59105     12       2767     
 4.51    22      34037    130.178    133.769    3.59105     13       2767     
 4.51    22      34038    130.178    133.769    3.59105     14       2767     
 4.51    22      34039    130.178    133.769    3.59105     15       2767     
 4.51    22      34040    130.178    133.769    3.59105     16       2767     
 4.51    22      34041    130.178    133.769    3.59105     17       2767     
 4.51    22      34042    130.178    133.769    3.59105     18       2767     
 4.51    22      34050    130.178    133.769    3.59105     26       2767     
 4.52    22      34100    130.178    133.769    3.59105     10       2767     
 4.53    22      34150    130.178    133.769    3.59105     16       2767     
 4.55    22      34200    130.178    133.769    3.59105     22       2767     
 4.56    22      34250    130.178    133.769    3.59105     17       2767     
 4.56    22      34300    130.178    133.769    3.59105     12       2767     
 4.58    22      34350    130.178    133.769    3.59105     18       2767     
 4.59    22      34400    130.178    133.769    3.59105     24       2767     
 4.6     22      34450    130.178    133.769    3.59105     8        2767     
 4.61    22      34500    130.178    133.769    3.59105     14       2767     
 4.63    22      34550    130.178    133.769    3.59105     20       2767     
 4.63    22      34600    130.178    133.769    3.59105     26       2793     
 4.68    23      35187    130.477    133.769    3.29218     7        2801     
 4.68    23      35188    130.477    133.769    3.29218     8        2801     
 4.68    23      35189    130.477    133.769    3.29218     9        2801     
 4.68    23      35190    130.477    133.769    3.29218     10       2801     
 4.68    23      35191    130.477    133.769    3.29218     11       2801     
 4.68    23      35192    130.477    133.769    3.29218     12       2801     
 4.68    23      35193    130.477    133.769    3.29218     13       2801     
 4.68    23      35194    130.477    133.769    3.29218     14       2801     
 4.68    23      35195    130.477    133.769    3.29218     15       2801     
 4.68    23      35196    130.477    133.769    3.29218     16       2801     
 4.68    23      35197    130.477    133.769    3.29218     17       2801     
 4.68    23      35200    130.477    133.769    3.29218     20       2801     
 4.69    23      35250    130.477    133.769    3.29218     26       2801     
 4.7     23      35300    130.477    133.769    3.29218     10       2801     
 4.72    23      35350    130.477    133.769    3.29218     16       2801     
 4.72    23      35400    130.477    133.769    3.29218     22       2801     
 4.74    23      35450    130.477    133.769    3.29218     17       2801     
 4.75    23      35500    130.477    133.769    3.29218     12       2801     
 4.77    23      35550    130.477    133.769    3.29218     18       2801     
 4.77    23      35600    130.477    133.769    3.29218     24       2801     
 4.78    23      35650    130.477    133.769    3.29218     8        2801     
 4.8     23      35700    130.477    133.769    3.29218     14       2801     
 4.8     24      35750    130.477    133.769    3.29218     20       2834     
 4.85    24      36313    130.748    133.769    3.02132     7        2834     
 4.85    24      36314    130.748    133.769    3.02132     8        2834     
 4.85    24      36315    130.748    133.769    3.02132     9        2834     
 4.85    24      36316    130.748    133.769    3.02132     10       2834     
 4.85    24      36317    130.748    133.769    3.02132     11       2834     
 4.85    24      36318    130.748    133.769    3.02132     12       2834     
 4.85    24      36319    130.748    133.769    3.02132     13       2834     
 4.85    24      36320    130.748    133.769    3.02132     14       2834     
 4.85    24      36321    130.748    133.769    3.02132     15       2834     
 4.85    24      36322    130.748    133.769    3.02132     16       2834     
 4.85    24      36323    130.748    133.769    3.02132     17       2834     
 4.86    24      36350    130.748    133.769    3.02132     22       2834     
 4.87    24      36400    130.748    133.769    3.02132     17       2834     
 4.87    24      36450    130.748    133.769    3.02132     12       2834     
 4.89    24      36500    130.748    133.769    3.02132     18       2834     
 4.9     24      36550    130.748    133.769    3.02132     24       2834     
 4.91    24      36600    130.748    133.769    3.02132     8        2834     
 4.92    24      36650    130.748    133.769    3.02132     14       2834     
 4.94    24      36700    130.748    133.769    3.02132     20       2834     
 4.95    24      36750    130.748    133.769    3.02132     26       2834     
 4.95    24      36800    130.748    133.769    3.02132     10       2834     
 4.97    24      36850    130.748    133.769    3.02132     16       2857     
 5.02    25      37409    130.997    133.769    2.77272     7        2867     
 5.02    25      37410    130.997    133.769    2.77272     8        2867     
 5.02    25      37411    130.997    133.769    2.77272     9        2867     
 5.02    25      37412    130.997    133.769    2.77272     10       2867     
 5.02    25      37413    130.997    133.769    2.77272     11       2867     
 5.02    25      37414    130.997    133.769    2.77272     12       2867     
 5.02    25      37415    130.997    133.769    2.77272     13       2867     
 5.02    25      37416    130.997    133.769    2.77272     14       2867     
 5.02    25      37417    130.997    133.769    2.77272     15       2867     
 5.02    25      37418    130.997    133.769    2.77272     16       2867     
 5.02    25      37419    130.997    133.769    2.77272     17       2867     
 5.02    25      37450    130.997    133.769    2.77272     26       2867     
 5.04    25      37500    130.997    133.769    2.77272     10       2867     
 5.04    25      37550    130.997    133.769    2.77272     16       2867     
 5.06    25      37600    130.997    133.769    2.77272     22       2867     
 5.07    25      37650    130.997    133.769    2.77272     17       2867     
 5.09    25      37700    130.997    133.769    2.77272     12       2867     
 5.09    25      37750    130.997    133.769    2.77272     18       2867     
 5.1     25      37800    130.997    133.769    2.77272     24       2867     
 5.12    25      37850    130.997    133.769    2.77272     8        2867     
 5.12    25      37900    130.997    133.769    2.77272     14       2867     
 5.18    26      38475    131.225    133.769    2.54473     7        2900     
 5.18    26      38476    131.225    133.769    2.54473     8        2900     
 5.18    26      38477    131.225    133.769    2.54473     9        2900     
 5.18    26      38478    131.225    133.769    2.54473     10       2900     
 5.18    26      38479    131.225    133.769    2.54473     11       2900     
 5.18    26      38480    131.225    133.769    2.54473     12       2900     
 5.18    26      38481    131.225    133.769    2.54473     13       2900     
 5.18    26      38482    131.225    133.769    2.54473     14       2900     
 5.18    26      38483    131.225    133.769    2.54473     15       2900     
 5.18    26      38484    131.225    133.769    2.54473     16       2900     
 5.18    26      38485    131.225    133.769    2.54473     17       2900     
 5.18    26      38500    131.225    133.769    2.54473     10       2900     
 5.19    26      38550    131.225    133.769    2.54473     16       2900     
 5.2     26      38600    131.225    133.769    2.54473     22       2900     
 5.21    26      38650    131.225    133.769    2.54473     17       2900     
 5.23    26      38700    131.225    133.769    2.54473     12       2900     
 5.23    26      38750    131.225    133.769    2.54473     18       2900     
 5.24    26      38800    131.225    133.769    2.54473     24       2900     
 5.26    26      38850    131.225    133.769    2.54473     8        2900     
 5.26    26      38900    131.225    133.769    2.54473     14       2900     
 5.28    26      38950    131.225    133.769    2.54473     20       2900     
 5.33    27      39511    131.433    133.769    2.33598     7        2933     
 5.33    27      39512    131.433    133.769    2.33598     8        2933     
 5.33    27      39513    131.433    133.769    2.33598     9        2933     
 5.33    27      39514    131.433    133.769    2.33598     10       2933     
 5.33    27      39515    131.433    133.769    2.33598     11       2933     
 5.33    27      39516    131.433    133.769    2.33598     12       2933     
 5.33    27      39517    131.433    133.769    2.33598     13       2933     
 5.33    27      39518    131.433    133.769    2.33598     14       2933     
 5.33    27      39519    131.433    133.769    2.33598     15       2933     
 5.33    27      39520    131.433    133.769    2.33598     16       2933     
 5.33    27      39521    131.433    133.769    2.33598     17       2933     
 5.33    27      39550    131.433    133.769    2.33598     24       2933     
 5.35    27      39600    131.433    133.769    2.33598     8        2933     
 5.35    27      39650    131.433    133.769    2.33598     14       2933     
 5.37    27      39700    131.433    133.769    2.33598     20       2933     
 5.38    27      39750    131.433    133.769    2.33598     26       2933     
 5.4     27      39800    131.433    133.769    2.33598     10       2933     
 5.4     27      39850    131.433    133.769    2.33598     16       2933     
 5.41    27      39900    131.433    133.769    2.33598     22       2933     
 5.43    27      39950    131.433    133.769    2.33598     17       2933     
 5.43    27      40000    131.433    133.769    2.33598     34       2954     
 5.48    28      40515    131.625    133.769    2.14496     7        2966     
 5.48    28      40516    131.625    133.769    2.14496     8        2966     
 5.48    28      40517    131.625    133.769    2.14496     9        2966     
 5.48    28      40518    131.625    133.769    2.14496     10       2966     
 5.48    28      40519    131.625    133.769    2.14496     11       2966     
 5.48    28      40520    131.625    133.769    2.14496     12       2966     
 5.48    28      40521    131.625    133.769    2.14496     13       2966     
 5.48    28      40522    131.625    133.769    2.14496     14       2966     
 5.48    28      40523    131.625    133.769    2.14496     15       2966     
 5.48    28      40524    131.625    133.769    2.14496     16       2966     
 5.48    28      40550    131.625    133.769    2.14496     20       2966     
 5.5     28      40600    131.625    133.769    2.14496     26       2966     
 5.5     28      40650    131.625    133.769    2.14496     10       2966     
 5.52    28      40700    131.625    133.769    2.14496     16       2966     
 5.53    28      40750    131.625    133.769    2.14496     22       2966     
 5.54    28      40800    131.625    133.769    2.14496     17       2966     
 5.55    28      40850    131.625    133.769    2.14496     12       2966     
 5.57    28      40900    131.625    133.769    2.14496     18       2966     
 5.58    28      40950    131.625    133.769    2.14496     24       2966     
 5.59    28      41000    131.625    133.769    2.14496     30       2998     
 5.63    29      41489    131.8      133.769    1.96934     7        2999     
 5.63    29      41490    131.8      133.769    1.96934     8        2999     
 5.63    29      41491    131.8      133.769    1.96934     9        2999     
 5.63    29      41492    131.8      133.769    1.96934     10       2999     
 5.63    29      41493    131.8      133.769    1.96934     11       2999     
 5.63    29      41494    131.8      133.769    1.96934     12       2999     
 5.63    29      41495    131.8      133.769    1.96934     13       2999     
 5.63    29      41496    131.8      133.769    1.96934     14       2999     
 5.63    29      41497    131.8      133.769    1.96934     15       2999     
 5.63    29      41500    131.8      133.769    1.96934     18       2999     
 5.64    29      41550    131.8      133.769    1.96934     24       2999     
 5.65    29      41600    131.8      133.769    1.96934     8        2999     
 5.67    29      41650    131.8      133.769    1.96934     14       2999     
 5.67    29      41700    131.8      133.769    1.96934     20       2999     
 5.68    29      41750    131.8      133.769    1.96934     26       2999     
 5.7     29      41800    131.8      133.769    1.96934     10       2999     
 5.71    29      41850    131.8      133.769    1.96934     16       2999     
 5.72    29      41900    131.8      133.769    1.96934     22       2999     
 5.73    29      41950    131.8      133.769    1.96934     28       3023     
 5.78    30      42431    131.961    133.769    1.80874     7        3032     
 5.78    30      42432    131.961    133.769    1.80874     8        3032     
 5.78    30      42433    131.961    133.769    1.80874     9        3032     
 5.78    30      42434    131.961    133.769    1.80874     10       3032     
 5.78    30      42435    131.961    133.769    1.80874     11       3032     
 5.78    30      42436    131.961    133.769    1.80874     12       3032     
 5.78    30      42437    131.961    133.769    1.80874     13       3032     
 5.78    30      42438    131.961    133.769    1.80874     14       3032     
 5.78    30      42439    131.961    133.769    1.80874     15       3032     
 5.78    30      42450    131.961    133.769    1.80874     26       3032     
 5.78    30      42500    131.961    133.769    1.80874     10       3032     
 5.8     30      42550    131.961    133.769    1.80874     16       3032     
 5.81    30      42600    131.961    133.769    1.80874     22       3032     
 5.83    30      42650    131.961    133.769    1.80874     17       3032     
 5.83    30      42700    131.961    133.769    1.80874     12       3032     
 5.85    30      42750    131.961    133.769    1.80874     18       3032     
 5.86    30      42800    131.961    133.769    1.80874     24       3032     
 5.86    30      42850    131.961    133.769    1.80874     8        3032     
 5.91    31      43341    132.108    133.769    1.66142     7        3065     
 5.91    31      43342    132.108    133.769    1.66142     8        3065     
 5.91    31      43343    132.108    133.769    1.66142     9        3065     
 5.91    31      43344    132.108    133.769    1.66142     10       3065     
 5.91    31      43345    132.108    133.769    1.66142     11       3065     
 5.91    31      43346    132.108    133.769    1.66142     12       3065     
 5.91    31      43347    132.108    133.769    1.66142     13       3065     
 5.91    31      43348    132.108    133.769    1.66142     14       3065     
 5.91    31      43349    132.108    133.769    1.66142     15       3065     
 5.91    31      43350    132.108    133.769    1.66142     16       3065     
 5.92    31      43400    132.108    133.769    1.66142     22       3065     
 5.93    31      43450    132.108    133.769    1.66142     17       3065     
 5.95    31      43500    132.108    133.769    1.66142     12       3065     
 5.95    31      43550    132.108    133.769    1.66142     18       3065     
 5.96    31      43600    132.108    133.769    1.66142     24       3065     
 5.98    31      43650    132.108    133.769    1.66142     8        3065     
 5.99    31      43700    132.108    133.769    1.66142     14       3065     
 6       31      43750    132.108    133.769    1.66142     20       3069     
 6.04    32      44219    132.243    133.769    1.52626     7        3098     
 6.04    32      44220    132.243    133.769    1.52626     8        3098     
 6.04    32      44221    132.243    133.769    1.52626     9        3098     
 6.04    32      44222    132.243    133.769    1.52626     10       3098     
 6.04    32      44223    132.243    133.769    1.52626     11       3098     
 6.05    32      44224    132.243    133.769    1.52626     12       3098     
 6.05    32      44225    132.243    133.769    1.52626     13       3098     
 6.05    32      44226    132.243    133.769    1.52626     14       3098     
 6.05    32      44227    132.243    133.769    1.52626     15       3098     
 6.05    32      44250    132.243    133.769    1.52626     16       3098     
 6.06    32      44300    132.243    133.769    1.52626     22       3098     
 6.07    32      44350    132.243    133.769    1.52626     17       3098     
 6.08    32      44400    132.243    133.769    1.52626     12       3098     
 6.1     32      44450    132.243    133.769    1.52626     18       3098     
 6.1     32      44500    132.243    133.769    1.52626     24       3098     
 6.11    32      44550    132.243    133.769    1.52626     8        3098     
 6.13    32      44600    132.243    133.769    1.52626     14       3098     
 6.17    33      45065    132.367    133.769    1.40224     7        3131     
 6.17    33      45066    132.367    133.769    1.40224     8        3131     
 6.17    33      45067    132.367    133.769    1.40224     9        3131     
 6.17    33      45068    132.367    133.769    1.40224     10       3131     
 6.17    33      45069    132.367    133.769    1.40224     11       3131     
 6.17    33      45070    132.367    133.769    1.40224     12       3131     
 6.17    33      45071    132.367    133.769    1.40224     13       3131     
 6.17    33      45072    132.367    133.769    1.40224     14       3131     
 6.17    33      45073    132.367    133.769    1.40224     15       3131     
 6.18    33      45100    132.367    133.769    1.40224     20       3131     
 6.19    33      45150    132.367    133.769    1.40224     26       3131     
 6.19    33      45200    132.367    133.769    1.40224     10       3131     
 6.21    33      45250    132.367    133.769    1.40224     16       3131     
 6.23    33      45300    132.367    133.769    1.40224     22       3131     
 6.23    33      45350    132.367    133.769    1.40224     17       3131     
 6.24    33      45400    132.367    133.769    1.40224     12       3131     
 6.26    33      45450    132.367    133.769    1.40224     29       3144     
 6.3     34      45877    132.481    133.769    1.28824     7        3164     
 6.3     34      45878    132.481    133.769    1.28824     8        3164     
 6.3     34      45879    132.481    133.769    1.28824     9        3164     
 6.3     34      45880    132.481    133.769    1.28824     10       3164     
 6.3     34      45881    132.481    133.769    1.28824     11       3164     
 6.3     34      45882    132.481    133.769    1.28824     12       3164     
 6.3     34      45883    132.481    133.769    1.28824     13       3164     
 6.3     34      45884    132.481    133.769    1.28824     14       3164     
 6.3     34      45900    132.481    133.769    1.28824     8        3164     
 6.32    34      45950    132.481    133.769    1.28824     14       3164     
 6.32    34      46000    132.481    133.769    1.28824     20       3164     
 6.34    34      46050    132.481    133.769    1.28824     26       3164     
 6.35    34      46100    132.481    133.769    1.28824     10       3164     
 6.35    34      46150    132.481    133.769    1.28824     16       3164     
 6.37    34      46200    132.481    133.769    1.28824     22       3164     
 6.37    34      46250    132.481    133.769    1.28824     28       3181     
 6.41    35      46655    132.585    133.769    1.18483     7        3196     
 6.41    35      46656    132.585    133.769    1.18483     8        3196     
 6.41    35      46657    132.585    133.769    1.18483     9        3196     
 6.41    35      46658    132.585    133.769    1.18483     10       3196     
 6.41    35      46659    132.585    133.769    1.18483     11       3196     
 6.41    35      46660    132.585    133.769    1.18483     12       3196     
 6.41    35      46661    132.585    133.769    1.18483     13       3196     
 6.41    35      46662    132.585    133.769    1.18483     14       3196     
 6.42    35      46700    132.585    133.769    1.18483     8        3196     
 6.43    35      46750    132.585    133.769    1.18483     14       3196     
 6.45    35      46800    132.585    133.769    1.18483     20       3196     
 6.45    35      46850    132.585    133.769    1.18483     26       3196     
 6.47    35      46900    132.585    133.769    1.18483     10       3196     
 6.48    35      46950    132.585    133.769    1.18483     16       3196     
 6.49    35      47000    132.585    133.769    1.18483     22       3202     
 6.53    36      47399    132.68     133.769    1.08956     7        3228     
 6.53    36      47400    132.68     133.769    1.08956     8        3228     
 6.53    36      47401    132.68     133.769    1.08956     9        3228     
 6.53    36      47402    132.68     133.769    1.08956     10       3228     
 6.53    36      47403    132.68     133.769    1.08956     11       3228     
 6.53    36      47404    132.68     133.769    1.08956     12       3228     
 6.53    36      47405    132.68     133.769    1.08956     13       3228     
 6.53    36      47406    132.68     133.769    1.08956     14       3228     
 6.53    36      47450    132.68     133.769    1.08956     14       3228     
 6.54    36      47500    132.68     133.769    1.08956     20       3228     
 6.56    36      47550    132.68     133.769    1.08956     26       3228     
 6.56    36      47600    132.68     133.769    1.08956     10       3228     
 6.58    36      47650    132.68     133.769    1.08956     16       3228     
 6.59    36      47700    132.68     133.769    1.08956     22       3228     
 6.6     36      47750    132.68     133.769    1.08956     28       3258     
 6.63    37      48109    132.768    133.769    1.0014      7        3261     
 6.63    37      48110    132.768    133.769    1.0014      8        3261     
 6.63    37      48111    132.768    133.769    1.0014      9        3261     
 6.63    37      48112    132.768    133.769    1.0014      10       3261     
 6.63    37      48113    132.768    133.769    1.0014      11       3261     
 6.63    37      48114    132.768    133.769    1.0014      12       3261     
 6.63    37      48115    132.768    133.769    1.0014      13       3261     
 6.64    37      48150    132.768    133.769    1.0014      26       3261     
 6.65    37      48200    132.768    133.769    1.0014      10       3261     
 6.66    37      48250    132.768    133.769    1.0014      16       3261     
 6.67    37      48300    132.768    133.769    1.0014      22       3261     
 6.69    37      48350    132.768    133.769    1.0014      17       3261     
 6.7     37      48400    132.768    133.769    1.0014      12       3261     
 6.74    38      48783    132.848    133.769    0.921106    7        3293     
 6.74    38      48784    132.848    133.769    0.921106    8        3293     
 6.74    38      48785    132.848    133.769    0.921106    9        3293     
 6.74    38      48786    132.848    133.769    0.921106    10       3293     
 6.74    38      48787    132.848    133.769    0.921106    11       3293     
 6.74    38      48788    132.848    133.769    0.921106    12       3293     
 6.74    38      48789    132.848    133.769    0.921106    13       3293     
 6.74    38      48800    132.848    133.769    0.921106    24       3293     
 6.74    38      48850    132.848    133.769    0.921106    8        3293     
 6.76    38      48900    132.848    133.769    0.921106    14       3293     
 6.77    38      48950    132.848    133.769    0.921106    20       3293     
 6.79    38      49000    132.848    133.769    0.921106    26       3293     
 6.79    38      49050    132.848    133.769    0.921106    10       3293     
 6.8     38      49100    132.848    133.769    0.921106    16       3324     
 6.84    39      49423    132.923    133.769    0.84671     7        3326     
 6.84    39      49424    132.923    133.769    0.84671     8        3326     
 6.84    39      49425    132.923    133.769    0.84671     9        3326     
 6.84    39      49426    132.923    133.769    0.84671     10       3326     
 6.84    39      49427    132.923    133.769    0.84671     11       3326     
 6.84    39      49428    132.923    133.769    0.84671     12       3326     
 6.84    39      49450    132.923    133.769    0.84671     12       3326     
 6.85    39      49500    132.923    133.769    0.84671     18       3326     
 6.86    39      49550    132.923    133.769    0.84671     24       3326     
 6.87    39      49600    132.923    133.769    0.84671     8        3326     
 6.89    39      49650    132.923    133.769    0.84671     14       3326     
 6.89    39      49700    132.923    133.769    0.84671     20       3336     
 6.92    40      50023    132.991    133.769    0.778872    7        3358     
 6.92    40      50024    132.991    133.769    0.778872    8        3358     
 6.92    40      50025    132.991    133.769    0.778872    9        3358     
 6.92    40      50026    132.991    133.769    0.778872    10       3358     
 6.92    40      50027    132.991    133.769    0.778872    11       3358     
 6.92    40      50028    132.991    133.769    0.778872    12       3358     
 6.93    40      50050    132.991    133.769    0.778872    12       3358     
 6.94    40      50100    132.991    133.769    0.778872    18       3358     
 6.94    40      50150    132.991    133.769    0.778872    24       3358     
 6.96    40      50200    132.991    133.769    0.778872    8        3358     
 6.97    40      50250    132.991    133.769    0.778872    14       3358     
 6.98    40      50300    132.991    133.769    0.778872    20       3387     
 7.01    41      50587    133.053    133.769    0.715963    7        3391     
 7.01    41      50588    133.053    133.769    0.715963    8        3391     
 7.01    41      50589    133.053    133.769    0.715963    9        3391     
 7.01    41      50590    133.053    133.769    0.715963    10       3391     
 7.01    41      50591    133.053    133.769    0.715963    11       3391     
 7.01    41      50600    133.053    133.769    0.715963    20       3391     
 7.01    41      50650    133.053    133.769    0.715963    26       3391     
 7.03    41      50700    133.053    133.769    0.715963    10       3391     
 7.05    41      50750    133.053    133.769    0.715963    16       3391     
 7.05    41      50800    133.053    133.769    0.715963    22       3391     
 7.09    42      51111    133.111    133.769    0.658274    7        3424     
 7.09    42      51112    133.111    133.769    0.658274    8        3424     
 7.09    42      51113    133.111    133.769    0.658274    9        3424     
 7.09    42      51114    133.111    133.769    0.658274    10       3424     
 7.09    42      51115    133.111    133.769    0.658274    11       3424     
 7.09    42      51116    133.111    133.769    0.658274    12       3424     
 7.1     42      51150    133.111    133.769    0.658274    24       3424     
 7.11    42      51200    133.111    133.769    0.658274    8        3424     
 7.11    42      51250    133.111    133.769    0.658274    14       3424     
 7.13    42      51300    133.111    133.769    0.658274    20       3424     
 7.14    42      51350    133.111    133.769    0.658274    26       3457     
 7.16    43      51593    133.165    133.769    0.604776    7        3458     
 7.16    43      51594    133.165    133.769    0.604776    8        3458     
 7.16    43      51595    133.165    133.769    0.604776    9        3458     
 7.16    43      51596    133.165    133.769    0.604776    10       3458     
 7.16    43      51600    133.165    133.769    0.604776    14       3458     
 7.17    43      51650    133.165    133.769    0.604776    20       3458     
 7.18    43      51700    133.165    133.769    0.604776    26       3458     
 7.2     43      51750    133.165    133.769    0.604776    10       3458     
 7.2     43      51800    133.165    133.769    0.604776    16       3484     
 7.23    44      52027    133.214    133.769    0.555111    7        3493     
 7.23    44      52028    133.214    133.769    0.555111    8        3493     
 7.23    44      52029    133.214    133.769    0.555111    9        3493     
 7.23    44      52030    133.214    133.769    0.555111    10       3493     
 7.23    44      52050    133.214    133.769    0.555111    8        3493     
 7.25    44      52100    133.214    133.769    0.555111    14       3493     
 7.25    44      52150    133.214    133.769    0.555111    20       3493     
 7.27    44      52200    133.214    133.769    0.555111    26       3518     
 7.29    45      52401    133.261    133.769    0.508486    7        3531     
 7.29    45      52402    133.261    133.769    0.508486    8        3531     
 7.29    45      52403    133.261    133.769    0.508486    9        3531     
 7.29    45      52404    133.261    133.769    0.508486    10       3531     
 7.29    45      52450    133.261    133.769    0.508486    12       3531     
 7.3     45      52500    133.261    133.769    0.508486    18       3562     
 7.31    46      52550    133.261    133.769    0.508486    24       3611     
 7.33    46      52699    133.312    133.769    0.457946    7        3611     
 7.33    46      52700    133.312    133.769    0.457946    8        3611     
 7.33    46      52701    133.312    133.769    0.457946    9        3611     
 7.33    46      52750    133.312    133.769    0.457946    14       3611     
 7.34    46      52800    133.312    133.769    0.457946    20       3656     
 7.36    47      52969    133.357    133.769    0.412959    7        3689     
 7.36    47      52970    133.357    133.769    0.412959    8        3689     
 7.36    47      52971    133.357    133.769    0.412959    9        3689     
 7.36    47      53000    133.357    133.769    0.412959    16       3689     
 7.37    47      53050    133.357    133.769    0.412959    22       3720     
 7.39    48      53217    133.41     133.769    0.359088    7        3762     
 7.39    48      53218    133.41     133.769    0.359088    8        3762     
 7.39    48      53219    133.41     133.769    0.359088    9        3762     
 7.39    48      53250    133.41     133.769    0.359088    18       3762     
 7.4     48      53300    133.41     133.769    0.359088    24       3800     
 7.42    49      53449    133.445    133.769    0.324827    7        3832     
 7.42    49      53450    133.445    133.769    0.324827    8        3832     
 7.42    49      53451    133.445    133.769    0.324827    9        3832     
 7.43    49      53500    133.445    133.769    0.324827    25       3841     
 7.43    49      53550    133.445    133.769    0.324827    31       3891     
 7.44    49      53600    133.445    133.769    0.324827    26       3941     
 7.45    49      53650    133.445    133.769    0.324827    32       3991     
 7.47    49      53700    133.445    133.769    0.324827    16       4041     
 7.48    49      53750    133.445    133.769    0.324827    44       4091     
 7.49    49      53800    133.445    133.769    0.324827    17       4141     
 7.5     49      53850    133.445    133.769    0.324827    34       4191     
 7.51    49      53900    133.445    133.769    0.324827    18       4241     
 7.51    49      53950    133.445    133.769    0.324827    46       4291     
 7.52    49      54000    133.445    133.769    0.324827    8        4341     
 7.53    49      54050    133.445    133.769    0.324827    36       4391     
 7.53    49      54100    133.445    133.769    0.324827    20       4441     
 7.54    49      54150    133.445    133.769    0.324827    26       4491     
 7.55    49      54200    133.445    133.769    0.324827    10       4541     
 7.55    49      54250    133.445    133.769    0.324827    16       4591     
 7.63    50      55139    133.718    133.769    0.0510723   7        4634     
 7.63    50      55140    133.718    133.769    0.0510723   8        4634     
 7.63    50      55141    133.718    133.769    0.0510723   9        4634     
 7.63    50      55142    133.718    133.769    0.0510723   10       4634     
 7.63    50      55143    133.718    133.769    0.0510723   11       4634     
 7.63    50      55144    133.718    133.769    0.0510723   12       4634     
 7.63    50      55145    133.718    133.769    0.0510723   13       4634     
 7.63    50      55146    133.718    133.769    0.0510723   14       4634     
 7.63    50      55147    133.718    133.769    0.0510723   15       4634     
 7.63    50      55148    133.718    133.769    0.0510723   16       4634     
 7.63    50      55149    133.718    133.769    0.0510723   17       4634     
 7.63    50      55150    133.718    133.769    0.0510723   18       4634     
 7.63    50      55151    133.718    133.769    0.0510723   19       4634     
 7.63    50      55152    133.718    133.769    0.0510723   20       4634     
 7.63    50      55153    133.718    133.769    0.0510723   21       4634     
 7.63    50      55154    133.718    133.769    0.0510723   22       4634     
 7.63    50      55155    133.718    133.769    0.0510723   23       4634     
 7.63    50      55156    133.718    133.769    0.0510723   24       4634     
 7.63    50      55200    133.718    133.769    0.0510723   24       4668     
 7.65    50      55250    133.718    133.769    0.0510723   30       4718     
 7.66    50      55300    133.718    133.769    0.0510723   14       4768     
 7.67    50      55350    133.718    133.769    0.0510723   20       4818     
 7.69    50      55400    133.718    133.769    0.0510723   26       4868     
 7.7     50      55450    133.718    133.769    0.0510723   32       4918     
 7.71    50      55500    133.718    133.769    0.0510723   16       4968     
 7.72    50      55550    133.718    133.769    0.0510723   22       5018     
 7.73    50      55600    133.718    133.769    0.0510723   28       5068     
 7.74    50      55650    133.718    133.769    0.0510723   34       5118     
 7.75    50      55700    133.718    133.769    0.0510723   18       5168     
 7.75    50      55750    133.718    133.769    0.0510723   24       5218     
 7.76    50      55800    133.718    133.769    0.0510723   30       5268     
 7.77    50      55850    133.718    133.769    0.0510723   25       5318     
 7.78    50      55900    133.718    133.769    0.0510723   20       5368     
 7.78    50      55950    133.718    133.769    0.0510723   26       5418     
 7.79    50      56000    133.718    133.769    0.0510723   32       5468     
 7.86    51      56887    133.765    133.769    0.00490933  7        5480     
 7.86    51      56888    133.765    133.769    0.00490933  8        5480     
 7.86    51      56889    133.765    133.769    0.00490933  9        5480     
 7.86    51      56890    133.765    133.769    0.00490933  10       5480     
 7.86    51      56891    133.765    133.769    0.00490933  11       5480     
 7.86    51      56892    133.765    133.769    0.00490933  12       5480     
 7.86    51      56893    133.765    133.769    0.00490933  13       5480     
 7.86    51      56894    133.765    133.769    0.00490933  14       5481     
 7.86    51      56895    133.765    133.769    0.00490933  15       5482     
 7.86    51      56896    133.765    133.769    0.00490933  16       5483     
 7.86    51      56897    133.765    133.769    0.00490933  17       5484     
 7.86    51      56898    133.765    133.769    0.00490933  18       5485     
 7.86    51      56899    133.765    133.769    0.00490933  19       5486     
 7.86    51      56900    133.765    133.769    0.00490933  20       5487     
 7.87    51      56901    133.765    133.769    0.00490933  21       5488     
 7.87    51      56902    133.765    133.769    0.00490933  22       5489     
 7.87    51      56903    133.765    133.769    0.00490933  23       5490     
 7.87    51      56904    133.765    133.769    0.00490933  24       5491     
 7.88    51      56950    133.765    133.769    0.00490933  26       5537     
 7.89    51      57000    133.765    133.769    0.00490933  32       5587     
 7.93    51      57050    133.765    133.769    0.00490933  16       5637     
 7.97    52      57291    133.767    133.769    0.00230348  7        5675     
 7.97    52      57292    133.767    133.769    0.00230348  8        5675     
 7.97    52      57293    133.767    133.769    0.00230348  9        5675     
 7.97    52      57294    133.767    133.769    0.00230348  10       5676     
 7.98    52      57300    133.767    133.769    0.00230348  16       5682     
 7.98    52      57350    133.767    133.769    0.00230348  22       5712     
 8       52      57400    133.767    133.769    0.00230348  28       5749     
 8.03    52      57450    133.767    133.769    0.00230348  34       5799     
 8.06    52      57500    133.767    133.769    0.00230348  40       5849     
 8.09    52      57550    133.767    133.769    0.00230348  35       5899     
 8.13    52      57600    133.767    133.769    0.00230348  30       5949     
 8.15    52      57650    133.767    133.769    0.00230348  36       5999     
 8.19    52      57700    133.767    133.769    0.00230348  31       6049     
 8.27    53      58203    133.769    133.769    0.000861493 7        6096     
 8.27    53      58203    133.769    133.769    0.000861493 7        6096     
-------------------------------------------------------------------------------

SARSOP finishing ...
  target precision reached
  target precision  : 0.001000
  precision reached : 0.000861 

-------------------------------------------------------------------------------
 Time   |#Trial |#Backup |LBound    |UBound    |Precision  |#Alphas |#Beliefs  
-------------------------------------------------------------------------------
 8.27    53      58203    133.769    133.769    0.000861493 5        6096     
-------------------------------------------------------------------------------

Writing out policy ...
  output file : out.policy

