
Loading the model ...
  input file   : Mosquito5.pomdpx
  loading time : 3.42s 

SARSOP initializing ...
  initialization time : 13.19s

-------------------------------------------------------------------------------
 Time   |#Trial |#Backup |LBound    |UBound    |Precision  |#Alphas |#Beliefs  
-------------------------------------------------------------------------------
 13.19   0       0        19.5556    35.5315    15.9759     3315     1        
 14.72   0       50       19.8216    35.5185    15.6968     70       51       
 16.66   0       100      19.8216    35.5185    15.6968     76       101      
 20.77   0       150      19.8216    35.5185    15.6968     82       151      
 27.64   0       200      19.8216    35.5185    15.6968     66       201      
 36.34   0       250      19.8216    35.5185    15.6968     72       251      
 45      0       300      19.8216    35.5185    15.6968     78       301      
 52.28   0       350      19.8216    35.5185    15.6968     84       351      
 57.35   0       400      19.8216    35.5185    15.6968     68       401      
 57.96   0       450      19.8216    35.5185    15.6968     74       409      
 57.97   0       500      19.8216    35.5185    15.6968     80       409      
 57.98   0       550      19.8216    35.5185    15.6968     75       409      
 57.99   0       600      19.8216    35.5185    15.6968     70       409      
 58      0       650      19.8216    35.5185    15.6968     76       409      
 58.01   0       700      19.8216    35.5185    15.6968     82       409      
 58.02   0       750      19.8216    35.5185    15.6968     66       409      
 58.03   0       800      19.8216    35.5185    15.6968     72       409      
 58.04   0       850      19.8216    35.5185    15.6968     78       409      
 58.05   0       900      19.8216    35.5185    15.6968     84       409      
 58.06   0       950      19.8216    35.5185    15.6968     68       409      
 58.07   0       1000     19.8216    35.5185    15.6968     74       409      
 58.67   0       1050     19.8216    35.5185    15.6968     80       420      
 59.69   0       1100     19.8216    35.5185    15.6968     108      470      
 60.29   1       2275     20.5582    35.4878    14.9296     156      507      
 60.29   1       2276     20.5582    35.4878    14.9296     157      507      
 60.29   1       2277     20.5582    35.4878    14.9296     158      507      
 60.29   1       2278     20.5582    35.4878    14.9296     159      507      
 60.29   1       2279     20.5582    35.4878    14.9296     160      507      
 60.29   1       2280     20.5582    35.4878    14.9296     161      507      
 60.29   1       2281     20.5582    35.4878    14.9296     162      507      
 60.29   1       2282     20.5582    35.4878    14.9296     163      507      
 60.29   1       2283     20.5582    35.4878    14.9296     164      507      
 60.29   1       2284     20.5582    35.4878    14.9296     165      507      
 60.29   1       2285     20.5582    35.4878    14.9296     166      507      
 60.29   1       2286     20.5582    35.4878    14.9296     167      507      
 60.29   1       2287     20.5582    35.4878    14.9296     168      507      
 60.29   1       2288     20.5582    35.4878    14.9296     169      507      
 60.29   1       2289     20.5582    35.4878    14.9296     170      507      
 60.29   1       2290     20.5582    35.4878    14.9296     171      507      
 60.29   1       2291     20.5582    35.4878    14.9296     172      507      
 60.3    1       2292     20.5582    35.4878    14.9296     173      507      
 60.3    1       2293     20.5582    35.4878    14.9296     174      507      
 60.41   1       2294     20.5582    35.4878    14.9296     175      508      
 60.54   1       2295     20.5582    35.4878    14.9296     176      509      
 60.66   1       2296     20.5582    35.4878    14.9296     166      510      
 60.79   1       2297     20.5582    35.4878    14.9296     156      511      
 61.18   1       2300     20.5582    35.4878    14.9296     159      514      
 72.61   1       2350     20.5582    35.4878    14.9296     165      564      
 88.47   1       2400     20.5582    35.4878    14.9296     172      614      
 106.31  1       2450     20.5582    35.4878    14.9296     167      664      
 125.45  1       2500     20.5582    35.4878    14.9296     162      714      
 144.22  1       2550     20.5582    35.4878    14.9296     168      764      
 161.15  1       2600     20.5582    35.4878    14.9296     174      814      
 173.82  1       2650     20.5582    35.4878    14.9296     158      864      
 180.1   1       2700     20.5582    35.4878    14.9296     164      899      
 180.14  1       2750     20.5582    35.4878    14.9296     170      899      
 180.16  1       2800     20.5582    35.4878    14.9296     176      899      
 180.2   1       2850     20.5582    35.4878    14.9296     160      899      
 180.25  1       2900     20.5582    35.4878    14.9296     166      899      
 180.26  1       2950     20.5582    35.4878    14.9296     172      899      
 180.31  1       3000     20.5582    35.4878    14.9296     167      899      
 180.34  1       3050     20.5582    35.4878    14.9296     162      899      
 180.38  1       3100     20.5582    35.4878    14.9296     168      899      
 180.42  1       3150     20.5582    35.4878    14.9296     174      899      
 180.45  1       3200     20.5582    35.4878    14.9296     158      899      
 180.48  1       3250     20.5582    35.4878    14.9296     164      899      
 180.52  1       3300     20.5582    35.4878    14.9296     170      899      
 180.67  1       3350     20.5582    35.4878    14.9296     176      900      
 182.91  1       3400     20.5582    35.4878    14.9296     204      950      
 183.92  2       4613     20.9123    35.4869    14.5746     148      993      
 183.92  2       4614     20.9123    35.4869    14.5746     149      993      
 183.92  2       4615     20.9123    35.4869    14.5746     150      993      
 183.92  2       4616     20.9123    35.4869    14.5746     151      993      
 183.92  2       4617     20.9123    35.4869    14.5746     152      993      
 183.92  2       4618     20.9123    35.4869    14.5746     153      993      
 183.92  2       4619     20.9123    35.4869    14.5746     154      993      
 183.92  2       4620     20.9123    35.4869    14.5746     155      993      
 183.92  2       4621     20.9123    35.4869    14.5746     156      993      
 183.92  2       4622     20.9123    35.4869    14.5746     157      993      
 183.92  2       4623     20.9123    35.4869    14.5746     158      993      
 183.92  2       4624     20.9123    35.4869    14.5746     159      993      
 183.92  2       4625     20.9123    35.4869    14.5746     160      993      
 183.92  2       4626     20.9123    35.4869    14.5746     161      993      
 183.92  2       4627     20.9123    35.4869    14.5746     162      993      
 183.92  2       4628     20.9123    35.4869    14.5746     163      993      
 183.93  2       4629     20.9123    35.4869    14.5746     164      993      
 183.93  2       4630     20.9123    35.4869    14.5746     165      993      
 183.93  2       4631     20.9123    35.4869    14.5746     166      993      
 183.93  2       4632     20.9123    35.4869    14.5746     167      993      
 183.93  2       4633     20.9123    35.4869    14.5746     168      993      
 183.93  2       4634     20.9123    35.4869    14.5746     158      993      
 183.93  2       4635     20.9123    35.4869    14.5746     148      993      
 183.93  2       4636     20.9123    35.4869    14.5746     149      993      
 184.39  2       4650     20.9123    35.4869    14.5746     163      995      
 192.37  2       4700     20.9123    35.4869    14.5746     158      1012     
 204.7   2       4750     20.9123    35.4869    14.5746     153      1037     
 231.39  2       4800     20.9123    35.4869    14.5746     159      1087     
 257.88  2       4850     20.9123    35.4869    14.5746     165      1137     
 284.11  2       4900     20.9123    35.4869    14.5746     149      1187     
 306.99  2       4950     20.9123    35.4869    14.5746     155      1237     
-------------------------------------------------------------------------------

SARSOP finishing ...
  Preset timeout reached
  Timeout     : 300.000000s
  Actual Time : 306.990000s

-------------------------------------------------------------------------------
 Time   |#Trial |#Backup |LBound    |UBound    |Precision  |#Alphas |#Beliefs  
-------------------------------------------------------------------------------
 306.99  2       4950     20.9123    35.4869    14.5746     74       1237     
-------------------------------------------------------------------------------

Writing out policy ...
  output file : out.policy

